Выработка. Результирующий расчет
18.577629439406113
16.9150687647558
16.315016362128663
14.483731637821444
11.757990946397737
10.470374170344495
5.282964077010066
8.44163604516788
8.402109480462192
10.434401117761535
10.578120095389389
11.10358580728307
11.353023688195117
10.706863573614104
11.552666062775833
9.614469156223137
12.748443895401081
16.166743811050413
21.220277940838685
24.811194819285944
25.651531312192255
22.496611741891886
21.437404306506274
21.58750960929752
18.05974895855706
16.43279439673202
12.287992570468177
9.849686070954148
5.482480211115616
7.662978490160249
5.4752515181108485
4.09815029430802
4.210808163261536
3.97117760659285
4.939139177888677
6.48135322716786
9.105307919028224
13.663879773221787
16.850505792687812
23.98744133638153
30.568894527765366
37.80962483790219
42.25851942299262
45.54997652124555
47.98887635272106
50.04091447853514
50.484839331580844
52.894417011845974
54.24695477249108
56.69650475530876
56.2106704081036
55.868513170483205
50.90072841882798
49.00786536479514
47.566629447870184
47.572200712160864
44.14957591726241
42.753699825586914
41.47986599283745
38.05391548093933
36.26208333627788
34.23600687406366
31.671669316445758
31.446865367448183
29.53000138917876
28.451012901226463
25.053824692009503
21.496843035784963
17.25632766204786
14.669352846868605
5.75860379472789
6.8002957766127015
2.2120642744382106
1.820189708777504
0.8050943052573194
1.4537312032838319
1.2147600556298483
1.154314032540661
0.8803518438595612
0.9035900413527399
1.2596457399873986
1.4029997618977221
1.807611312773933
2.381544090899701
3.7860796140483344
5.652748434806614
6.939966660346887
7.734754153467252
7.607508539433997
7.180594469141065
6.966211825083438
7.066437587149595
7.0863903701251765
6.797817753222715
6.221035587192206
5.141057191077342
4.544556372350529
3.4915683808360543
2.454781357923429
1.2271462691859971
0.652407048506091
0.34417146867440207
0.3472413677056355
0.4278588055181627
0.7739743518040226
1.1868575808200945
1.4008633609243064
2.2971951433230133
3.0891230061468566
4.342100767273057
6.022661375982693
8.113510711741712
9.393573712811744
10.08102864266214
10.866500059404988
12.05579141117876
14.010549578202916
17.511901500443102
21.30363746983805
20.119279773315615
19.18049593661808
22.84779483698817
23.924769207100717
30.084711777636812
34.16586733764173
43.98174132948419
45.966454243066565
46.81438728949719
45.923874426495345
49.585178574847845
52.467632083425606
54.19161296633011
54.63486956680537
50.35835538388963
43.87219802853046
39.32493288213374
32.61693501775988
30.603958619595588
30.011743589394847
33.59862600010901
34.204266578094774
35.930785245671245
38.12490415457744
36.46192369971923
35.69961258252486
33.98307170803722
33.981024365314425
31.62001667247756
31.21842078935167
33.80337788792231
33.208188889679576
34.276405851579625
33.88029574168934
33.98691545681139
34.1643986443013
33.8578957239403
37.15222608815962
39.18123200727236
39.226067314639906
38.39411662234034
36.85350698812381
28.9745798466538
27.76561864923774
24.63500592312789
20.949000537178605
16.77726823890667
15.553629284960268
12.360032256646026
15.065411868458282
16.774957723609752
19.784918719757385
22.266581768811726
24.953156721026488
25.468912534358523
29.16184877649816
27.962697330204193
28.616139237382583
27.624991205722452
28.63012148768352
31.704539822425186
36.67536185248916
43.5806420669066
48.509995159531954
50.187583555687496
49.854439141022375
48.85979995774597
50.87774612164276
55.350167852754005
58.048116668153796
59.301392032369066
61.26900743711947
59.414764230349526
59.943296360256035
60.877037122178976
61.83343685611281
63.98045654799496
65.85874920897032
67.12703018912393
68.97198629271622
70.02296081558197
71.30974318051142
71.80197822022427
72.74306061059366
73.30322346303723
74.63039814884934
75.49728419715933
75.95802587747717
75.30613634508424
74.55611857194127
72.65740262387877
74.6571671299001
73.4391506490166
73.37205411157942
72.91373408709404
71.78738295748947
71.17318322897842
70.5035851245797
70.31113695038951
71.86282770956043
70.1462870700164
70.87658844124522
71.5188140084901
71.93204044043915
72.2848297206281
72.3728251744583
72.25441031009332
71.70783776776318
71.06545678030716
69.85657220389234
66.42652347285096
61.110664642522565
54.63398686214401
48.507262875150246
48.874419427878934
46.70633089935619
44.19911798919137
49.723073140892225
55.53467252265405
62.363986241228496
62.95612465143373
67.53953607681365
67.73673252735747
68.13338369523717
67.4462827212964
67.17655486488277
66.87613849591122
66.99813165430835
66.91073873006388
67.32598270263027
67.65379002542616
68.55413442089011
69.54619124712073
70.44163735949792
70.11508534730515
69.06893718486143
67.10783313373025
63.60759660819171
60.772991838728586
62.11976875229529
63.47177115517927
65.84985280552296
67.63231459417186
66.23871139584342
66.90263782587814
61.85204170041436
64.30452352816438
64.25470539173917
64.05727976664025
65.73043589211497
65.71981454602857
66.1799660811989
64.26907970563107
64.09441827657277
61.887873995377376
62.075851296362515
62.692743753222096
65.14578615987408
67.30826367973992
68.07697369458613
68.01972366568393
66.86313072498511
57.789916102710464
53.97652825145853
46.330418746461795
48.04825805497893
49.6066211349451
51.66146867758462
56.29024490151649
59.08283813594129
51.85770398823079
49.102529864634505
50.00111777858312
48.585161887316204
48.832887684453375
46.57626959051655
45.13290999258474
42.53970962925834
40.53375988647629
33.48902825072011
27.445586374160133
23.463268244636197
16.59094733331699
9.280457926213536
5.752507772245647
2.4256986245253205
1.2161958708712484
1.1188641961114374
0.7671226068925067
1.2405213872891732
0.7332004211623651
0.7749681374546074
0.9592688433158668
1.5711030362529779
1.8945273570007455
1.9836391138151492
1.801250219992785
2.084326653194666
1.9432413250591187
1.9615613724576961
2.603583517868688
2.680184023445208
2.487295451341456
2.013910642504743
1.4604659357813656
0.6805437130554097
0.45718050055170145
0.7113727835277149
1.097257023796443
1.205460633310652
2.026743737289164
1.6194018844865399
1.6364497803545368
2.4844110236267447
3.7788000169434968
6.931040649131614
9.1086152705154
12.527223626277525
15.698290129823352
20.02818862469462
22.43531728726188
31.37403531619424
35.14009935895656
35.96477223953624
41.95151127247175
41.68046522363581
38.7091284133203
20.888838459928397
12.04059856302359
7.988352283854727
8.563193722297136
11.138040328882656
14.183034140375923
20.206906112938405
25.398920536061592
27.49484779525482
32.992708988179515
39.05937265508396
43.6615503549536
49.9789740512215
54.0205238450738
57.54812581446156
62.25426272830934
66.13219100198404
68.0680747029555
71.18667452748767
68.22473434063485
74.69002600254723
75.89425503348738
77.38916132151408
77.7775647879277
77.88735345295572
78.0075166165013
78.0131897256108
77.87815512899923
77.7904090976159
77.71922906840442
77.31126423294779
77.3182467713919
76.51489243934219
76.3077285456663
75.12004853174233
75.24513274657843
75.49506406495249
75.95218928760903
76.18482440484745
76.45014752765204
76.59652648607991
76.77085180764905
76.86912461480196
77.09970937046813
77.11562984234061
77.33969619353599
77.32056702665307
76.90961311382148
78.67338475776086
76.48891821215827
76.92244583565798
76.4542212709139
75.85896170639168
75.34119273432916
74.50834749714855
73.33398963161662
71.43777919969509
68.85525338763736
64.6964865119438
64.29221111865112
65.00785556772453
66.43610157747464
67.12115769141808
67.04805120936638
67.28149637681915
66.69904699905027
65.880886632395
66.4909405730069
64.93116245411191
67.1542528761501
68.55582739450566
70.15054818243264
71.23175280401409
72.09939305907858
72.36136132400938
72.01081417426997
70.54392603944257
69.06238224921759
66.30458438093731
66.36730674310263
61.98967049583209
59.10114713663779
56.198648824974015
54.18357631206791
55.55847496552705
58.413522050510785
59.962848642450936
60.81863626119559
61.292627743641205
60.66493527280292
60.730341056656385
57.96349913883073
57.306624062345165
59.04009099324956
65.21247228799545
66.27111659669384
66.88213994259083
59.96027736225599
53.01831312713398
49.75617486905024
46.209985212249194
42.991146841547646
38.31180537698378
31.754574768498877
24.6767031175991
20.005308032330824
18.900010777336682
22.995277661619603
33.57322946528508
32.959277318025734
33.56196106994204
32.20714603346343
33.52235435946298
33.83997127664429
41.34867345512345
45.48064906731516
43.92474917149478
42.638707261269815
38.39917305911753
34.266199242713355
27.798547760052717
21.611008727573264
14.19777382280758
9.18242872063593
4.244416536794637
2.6971735200463938
1.6189027986860003
0.5590863099788924
0.361042291882388
0.26910936675740993
0.5058920720476048
1.015938169003705
2.0102892185636545
3.4241937706555468
4.980727602316976
6.752488001840005
8.924668148322613
11.807447926065656
16.55731439403577
16.893998048694172
19.015725905152376
19.76266615897763
18.423881893025815
15.271998973919505
11.922016211197079
9.022906685805754
6.834240047217751
5.101953852390085
3.980420972122446
3.1946794896518576
3.172240022654252
3.372561487437993
4.676259057780617
6.177072245561827
7.829466215042546
9.578933741932232
12.628489781779553
15.849628890608852
18.113119698800453
19.104507041242016
18.727089941986954
15.25399491007024
11.819915692347353
7.601958399521957
4.2982762251098565
2.4448547633916595
1.1052970633501022
0.9752448534805359
0.8860727871278695
1.1221444928488413
1.514616852680941
2.3728120431722814
4.280670669646263
7.3271781478169995
10.849177180979375
15.619451608041116
21.71725363030993
28.073705833513905
33.58556636634774
39.21755519479437
43.173046695287276
41.334215906509
46.7096857502601
34.275119081481414
32.25127925528264
30.5594392562002
30.331299779433643
28.67438004425921
28.961454163458704
28.022677819270598
29.258123976160824
29.95702310966436
31.03372392388365
26.78161368052065
28.224976343757074
25.1219640429521
25.898531364978687
27.880475892356824
30.077636534790624
32.57676218693308
33.721237724790925
35.682022087290036
34.04510625147063
33.43487204330055
31.75799083761029
28.840945090624935
25.16269508827333
19.024054552835935
13.452321871559572
6.994592838554679
4.000171824800619
1.4559603251430147
0.8697426351372836
1.0913866905866714
1.6586799729314943
2.297570814183647
3.785523954056277
5.761894198421588
8.406841089953677
10.773004963552562
11.960931082528194
12.67856026495081
13.883864952887905
15.863271329330953
19.83504168906187
23.532460296277854
27.797653890762348
28.72057841012621
26.064512923566156
26.659690062060623
19.443925570781555
14.351038878307609
9.659790869866452
6.647903417945422
5.832891645348406
6.108497368528468
8.356479592646195
8.135710504754009
9.748421998971638
11.020502213719027
11.917332985508253
12.730779878348788
14.05537252416294
16.123510094594728
18.742855154780443
21.792452695156836
27.063114386303788
32.1359470009241
37.38215986068217
41.28064623094549
44.00164670045866
46.805567342282316
52.87559889109459
56.84491864961443
61.15545379225382
63.91816377519086
66.29327354091481
67.2789343187013
68.24574374921036
70.16162757834346
72.09990884073639
74.09967267770824
70.47641598124838
75.08911465087222
72.17358480568255
76.57992219049846
77.12282957712246
77.98810831129248
77.9150382221767
77.61926074603096
77.32550001142944
76.57271949523049
75.84654464238443
72.94360237220671
70.70134842425956
68.64128713360552
66.30678421435074
64.08799044679347
59.00089829002353
56.191838740621414
51.99210643033233
47.00136721732222
39.91008537505313
31.301737456661673
25.035001177387112
19.19087376311102
15.03200600010134
13.258892000318408
13.697619438199608
15.06522597670298
17.600704091495317
19.262960447222497
22.188697016147472
25.429249757724207
27.041281116705793
28.10059237853971
27.951992397692237
29.51717633114943
30.766462380031204
32.420876400729796
38.20378960822768
37.4327097128693
36.18034982467253
32.935510837129826
38.35704914304097
39.80841769739574
45.42228934201914
46.26190282335877
45.75094904253386
41.222921544123324
38.33012221166253
32.29215687290894
28.58386993972539
25.80597716132931
21.350747287930204
18.840551831831746
20.936386503167704
25.12784810861118
37.15542016337932
40.45755079725947
49.40092434971925
58.443541499250884
64.87155008194568
69.54022678074028
73.32464696867115
75.56549921130178
75.42284253987825
75.62220799172238
71.23955246313106
70.9282629546131
59.54866151733637
50.82644417300057
39.29415243198316
28.89055953823548
18.993512303266566
11.985133275053448
6.732565216146371
3.662456275133536
2.7884121924647705
2.1329811648675747
2.518817211249079
3.3611184609114795
4.94650099797116
7.4362633320805385
10.13507052944917
13.675720429635673
16.96564888880343
20.09715254771481
26.323671886756326
27.49883312376548
39.677802382019834
38.901163407379414
36.778434674121264
29.01744052247812
20.678737838669043
15.553913332503534
9.641386808882508
5.841614173810731
2.9219317198351584
1.1289426347854001
0.6080242358486747
0.632677811730298
1.8107611421628542
4.593172102100517
8.634407013800558
12.594979318736156
17.640071440076394
23.03350223186162
26.566958664581108
30.70143088397193
34.08814153587019
36.586149122472044
38.74813873108431
41.05441296782919
43.11960395230335
45.05618979897079
47.08406856795277
48.70005499587151
50.22467502738357
51.42156052390533
53.10718651234188
54.69358983907469
57.35129052983339
57.85808838203853
58.25402529991969
58.11407386318638
58.886857119783826
59.02287473768542
60.67750709808803
60.673780258436096
62.07393271128756
62.668563153508146
64.40907521342854
64.3703830815484
64.33848500756577
63.54445666689902
63.97504799406175
64.52438406697499
65.63754461312178
67.259151196353
67.47842589903746
67.06852412925979
64.15485206476646
64.58231657097016
62.55231841433316
61.65655788837984
60.411208907520844
59.20999307116357
57.69496041251843
56.92580658371321
56.24788636171633
57.94538940730748
58.45377849713912
60.42140856953773
61.600460333938
61.808275366502215
61.423083217676094
59.8294416334293
58.59869876331557
52.363122525620504
40.98255294082646
28.58303242100872
17.37595079507242
14.06592196627657
15.282557407734759
15.9071028800144
16.431577803482835
16.814080771736673
18.490887017224637
21.759773587632544
25.163508916707208
29.20203683720426
33.13181800779705
37.12995813322431
41.75616421753695
47.375191732595596
51.3785150443061
53.93871685481322
55.79930253308616
60.10681333766673
59.912433767788414
56.13340742621291
44.59651977133403
33.94123698729061
21.475939488818014
10.77776287892625
8.112204216473975
6.9117782967925185
5.846877719121425
5.57007307305361
5.729502762495118
7.551185973735548
8.262286415792191
10.916604661103353
13.157549854884422
18.053445386708177
25.325321402007063
34.67901051531608
43.80661236226287
49.46943843011988
51.72417737732731
50.73429476045741
45.9357033770148
39.06580518377966
28.66696588691508
22.638426411498347
15.216619206397574
9.604311607692207
6.921810978650182
5.751212663028598
7.560676542706965
9.542715229583505
9.963480099951244
9.682671261390224
8.182920737736431
7.631280102002449
5.107013041781373
4.227262352386154
2.8215752028408527
2.332928322157777
1.4901340814656208
1.4389157486207447
1.3566520586067075
1.4041493394972746
1.4065915885214628
1.287168365037033
1.0965203383591429
0.8560958508780245
0.2990283256065799
0.20167187993364416
0.1131689957461265
0.12226625144334094
0.26038982179494236
0.25221794509045686
0.9150120226943164
0.41845258881347147
1.0498924850231994
2.0228832275510067
3.363676699854013
4.999332487443881
7.803234494896383
11.706829342762742
16.31069011254189
21.833342503334762
27.75389591493211
32.28462140623722
35.20040359248853
39.42271705988462
43.7403008157777
48.66600467317435
59.19846519701643
62.1643385295187
67.49423819060846
70.28817643919234
71.25106503547988
72.27526860182897
73.26762258340926
73.4450956158332
73.51442620511028
73.05001927375662
72.75170544946366
72.10743169829976
71.32317464524101
70.81006320999371
70.54511616369304
70.46415727962925
70.4982288232624
70.53177077868679
70.45101165856745
70.27886768296992
70.05885283595941
69.51843799158925
68.83040266230779
66.72964553773181
65.8161796942475
62.47747874925439
59.95545910927336
56.57276906483284
53.65598311651621
50.254114820028406
45.79966719594854
45.452101204998314
42.30749088649018
38.04548672989437
37.00551181514556
38.468917956739645
43.25641409946391
48.85632846486324
55.11048841743171
53.446867599712036
55.8416356436413
56.875890181989945
55.68322983621266
50.075454581198215
50.21106092821547
38.48662573217281
43.71195366837375
40.406968046532114
51.81426571056985
46.878373053387435
46.16914646070426
32.4463851163701
17.89580412536763
10.2327042376043
5.377793928564216
2.5707808667246432
1.4671989575509794
2.0839257031817993
2.0374701054808373
1.3823048405853364
1.0692156556816719
1.0565372513730957
1.2301252890246277
1.735331917753745
2.998522905617686
5.672707755768554
11.411676962078662
16.47384690918163
24.249970589611834
40.44701340516096
52.89630555286688
62.507384560765914
69.16668166877389
72.43169535625881
74.2143037358811
74.08267260715235
74.09241654355941
69.57530229749622
74.11421672988905
73.64873470768154
74.4007066701592
75.03306232084059
73.49040902788153
70.47945018920672
69.11810337206883
66.94909653434763
63.99518115086617
62.424738107591395
57.71407308211428
58.95426204911702
59.94633134058221
58.88385528418849
61.86056237242462
65.0780694260707
68.62589390086791
70.8610030809686
72.98420305738219
73.66461257588202
73.80727589660427
74.37374822221057
74.72709933551937
74.17762891154948
74.46528360537559
72.27048861505233
70.67110890683296
68.89043917990733
68.20795033198442
65.92411009294477
64.88089464456223
62.1405965279815
62.78972573878447
61.0996743050828
60.28001366991437
64.91164851275772
61.61561907353432
62.569478546431306
63.17051931124432
63.41806036673962
65.41142062169843
64.76462924876955
64.4730553905996
61.44175908461871
58.097474669001905
52.140522389896304
49.27756721241833
42.528183627725184
37.45985917722643
30.82695948094068
26.81817970575383
21.485048749082253
16.676934156253072
14.658326312459096
9.266920030664076
8.014844820788028
6.240719060467743
4.84645199031654
3.9079541954379566
2.7220408609908855
2.278727084275351
2.196291576490059
2.7368873609066364
4.06739759942722
6.427050493323218
11.03180157728157
17.04389859250228
24.097440089048085
31.743054462721112
39.463996037122726
48.77112820681616
57.827595224697156
64.42048346319788
69.64680307010536
71.97178788169072
70.4509663252224
69.69564528938753
59.61990650988047
71.90145229153732
72.87601214269498
75.67403054938995
75.64699624193824
75.61203868449633
74.09193172112926
74.97575608341259
73.7402264478598
74.29596467558832
74.04643841532652
74.06100640276792
72.92991275305505
72.00228218265792
69.4508819041922
60.02438998991046
48.10457655381507
34.941753089762045
19.81577064460722
10.000966156297334
3.543512187859362
1.4530035155666616
1.8355292828626613
3.0798850434659846
10.354282368730324
12.819846185289812
16.586592659266117
19.99988868703087
24.912804511575608
29.345080708694724
31.435822597950395
31.23828496831328
38.06311512272325
40.95995354245673
45.59432680209903
48.71118764132923
46.25347235901474
56.36166028429985
57.68237491322839
59.495860436068185
58.82449114605974
59.02888755124012
60.95047870609919
62.39461874677633
64.73904587168944
63.56632795820357
62.10362372900194
57.42430157425365
62.599416764549
60.488078719389236
65.95481604022049
67.54949154145689
70.45162782128541
73.11286027551103
72.29106869803721
75.40744090123488
72.87163930167617
68.83702513092346
66.62462682730849
63.36861759721569
66.3422527734649
64.86368814480906
65.62728374113172
58.9314593436998
60.005224014469405
57.69637047740703
53.4509541496718
49.077763689835024
46.23741443933535
45.78417612163689
52.77443720591686
55.81490193189721
61.139448037614244
63.65391594746028
67.31905418185862
69.78008180333444
71.53054623708867
72.55969329360875
71.8754283098949
70.93542656438294
70.58541223418348
69.57870606514626
71.0413773389286
68.18359907047994
67.58355922634453
66.71960422007409
66.21108299907863
65.92627404443724
65.77899491692537
66.219528869463
59.83849825235785
54.11907652818418
41.281073389129716
38.278705743091706
36.827494555868824
38.5758192463703
40.02445230140635
38.788696616860406
38.23906674771235
32.44786165330682
26.837945365959925
23.332581011824264
20.018760838805342
18.03510882118146
14.991019925356255
15.444481559423735
14.67956591516487
14.853289993289106
14.99036403782652
15.310877761477222
15.77614536359065
16.93373117689974
18.50390960324555
20.42941997392699
17.996807332774637
16.351732772600265
14.971383895438482
16.23972981879479
18.46380348934735
21.79572570711894
25.622623266571907
33.55394872412481
40.19206398992789
46.216537307249084
54.17835374613004
50.93337763678289
51.27496459309385
50.35026039372373
48.52248880494532
43.32833465529403
34.43574820141003
28.306816451391626
17.818115632566332
13.313727569558703
8.912341095044923
4.962182780778746
2.737559932682818
0.8508913729654692
0.4418406937357226
0.7517525834667473
0.29455536483415207
0.23564130951816267
0.3488647203823494
0.3677648836785104
1.556435832326822
0.4106126465308293
0.6731502748624449
0.23807848795584213
0.3326721573007156
0.291822819361961
0.6185441624707395
0.574678733200573
1.838393828300601
2.5466382983174145
4.29263756343247
6.2539278764683175
8.968833854640966
12.95238505132351
17.57213896657479
24.11342795774144
30.346029237763535
36.728577633682434
42.34235964406301
47.06373776337284
45.96993606304457
47.57820275446899
44.65409019777055
44.498983319726236
43.064862714466926
39.845620143018124
42.010402742498066
41.741105615570206
47.162067600319794
50.7665559012687
47.94681252584819
45.28162282272255
44.75532318564087
37.65881991295816
35.96746524373265
36.07869817923476
36.290806679047364
39.528699491828846
40.90916282909891
42.343862558811665
44.630504359696886
46.97923444837366
50.50948813777508
52.1145816476344
53.06144602260402
50.3293227277912
45.616294439846115
35.4255908378829
25.904290895154354
15.904978619470933
9.059047921913432
3.7135216888563436
4.163464594705172
4.164628494781764
4.913309740241399
5.980646017411008
7.90398250911368
11.05745515342323
15.178772385922809
19.345375091174166
23.62953346793666
27.99587939160923
29.093095208218088
30.583703376194727
28.383420469275904
28.56074391578903
24.919777013238985
21.54001743161657
20.068685094317345
21.030066326053223
24.278208631873
27.764793718661757
33.01572965274336
37.501723525016736
43.16138159702228
50.650019290534274
55.24464960672705
59.65010496088007
62.47562162763467
64.76288110097218
67.05685558692286
68.30579662586916
71.06377904278096
70.8640304709518
70.85944197252998
70.34157640137914
70.26497556408499
70.50548022536384
70.69623598393434
70.69338132729351
70.63069546314048
70.31260270347883
70.62389915131395
70.95112148069731
71.40723885053629
71.73304758009624
72.10912022005175
72.37423856970796
72.6373257961769
73.42465685261743
72.52241657709033
72.42266560368833
71.5083286235984
72.23925636862535
72.1310216284691
71.43102912687411
71.12154701029573
69.69703566254886
69.38633617943597
69.91765277187741
70.0372987791541
70.02772842043797
70.22346217124048
68.61318028486566
66.55929861388599
63.18815524411863
58.86463867688097
58.08008900328637
52.1740778730605
51.665702060481266
51.748509197976404
56.41892010356903
56.42575168150427
54.60370147600135
54.38074218574363
53.59476603307686
52.81361419860533
51.48142595643705
50.19291241120814
48.00760854184633
44.39985488762795
42.98179242341645
39.433331618250676
39.122993458391285
30.739147412651228
24.332524129419816
19.03617935162834
14.223696169803507
10.239840979333898
6.293854956927557
3.678130997309327
1.6236834048671716
1.0957085215222402
2.109891199969465
2.5334148521792317
2.6283401938396844
2.6617360365044207
2.6717400053218094
3.103993949430629
3.1575758403490877
2.8864847198196615
2.625209612565964
2.0487986405895
2.2571817024753225
2.543233411124947
2.6994323012269033
2.752807940194963
3.0716523105704123
3.575691706906885
4.254535311210638
5.470944143373228
6.275443435456449
7.169859678274248
9.020826213268727
9.912781172744364
11.792106040441293
14.353573073641002
18.93675012726666
27.277828054867165
37.17009410169116
45.11908011569355
48.142119921195246
49.305909292520035
56.9145027188936
58.00970236012779
57.89752367173893
59.347814697467825
60.062360624292964
62.57535897584182
64.00460738490597
70.95038301531328
72.73042534865223
73.70494212454892
68.40015769237965
69.96764236922183
71.20868220921423
68.35011771282265
67.39179398960184
65.39843629533223
63.61318786455536
61.666732614046396
58.32461224319951
56.50000683243828
53.80935376862268
48.939073488398854
48.66174513020627
42.22017544451356
37.981572103517394
31.234162723758615
24.345129713396574
19.064261579958135
12.636187577273466
9.096786047621961
6.950009003285639
6.301117196111477
6.208460170233603
6.927537509774092
7.59842834861531
7.32587602318607
7.883014970850494
8.759561582167546
10.110156260325438
10.95596313930794
11.6585351291742
12.206832540740702
12.942521517033665
13.783817531022429
14.29916114550828
14.574367144828173
14.991320129726885
14.194675715573968
15.704465268375149
18.587628482011716
22.55186561197506
25.43472119996975
30.849512930687354
38.16668651294857
54.44111248375563
59.66390869819034
64.15068230673856
67.2915406272574
69.45882552259806
70.99573227797514
71.19772130678757
70.19495839890723
69.48286199317022
65.08603145115012
70.21843284115877
64.55283131920419
65.62714018412642
63.87431927852308
62.09795864781863
60.885761610349064
60.35229689765614
62.099386638646116
63.766868121852355
64.75253176197207
65.30778081503038
63.59734095838164
62.00184829293195
59.85781853969293
59.607084466671786
55.64591445436756
61.81830226041909
60.349156848306905
64.37472574265088
53.557690830022395
53.425502365149654
48.421988214526465
57.6072692818901
54.1401131648937
61.986582763789094
60.66658403837697
62.81953030983654
62.29762021856516
63.20305276813536
62.29760112927556
55.86054731840167
60.38573388230117
58.041816108489186
59.181578954747835
59.434238335865174
60.63090413528115
62.258654128961936
63.171668562882296
65.73938482255733
66.88827554802685
66.89826850109768
65.41713797696957
63.473938114722145
55.926266258971694
46.51077116122233
34.08557559531189
23.578552087367342
17.065968910974046
14.080189934214559
12.611728450783346
10.304950165677058
10.073581114210953
13.846703210381351
17.179546437952517
19.30328859890291
27.13586448344404
33.57530413510578
30.14113258554321
37.03251456659963
38.07926149031782
47.26045887722437
52.42708709604598
56.85544586447385
57.116432094497696
56.704709787737926
56.66939897993558
57.635792749548216
55.519565683160465
54.62372828745395
44.87244562879846
41.73043125850819
37.142482740542114
35.77898045634407
39.48887643917906
40.90086703173528
45.589958204557476
43.8687771864373
48.218859214328106
45.80950341907278
46.244950886558186
46.76817319758574
46.321674746772565
45.400328924741075
45.102916777190686
42.11498679091039
46.312124331198675
50.93801407679033
54.72189815395528
58.92489664647421
61.4068317675858
63.755044417441134
66.71333363981422
67.76220961450571
68.54288003043189
63.96686891826761
69.26171022541642
69.39674316867318
71.32725016187669
73.79396610428503
74.8288562537875
75.89198845291946
76.2354008717879
76.70697892370436
76.68579320444101
77.23150235113917
77.0695073715826
76.94868345007107
76.62405451591928
76.48724570330091
76.25358335938061
76.53485404904202
76.47885820241865
76.60810898633972
76.6893596330489
76.31047182502114
75.04154138345918
72.89747169914082
70.45289506229534
67.31827670331434
65.6498757389943
63.78313853204807
62.52949968194015
60.8310556709941
59.56502741704598
58.50842885148961
57.17515757595717
55.48294698718456
51.936678130048094
50.44093502219944
46.22863142327142
42.37763429428436
36.95398288322271
33.81446267002935
30.223356029955205
27.7546616170139
24.196141845057383
21.077231320102257
14.677147733329804
18.845049685743312
16.608579578455704
14.899207783000413
12.320192029935203
9.89338055901018
7.898027588534989
7.562062269102562
7.605193655239806
7.8140989255265945
9.487861090888334
10.884849191179761
13.007068478092727
16.0750138890658
18.800757556568755
23.076140676050407
23.088127761912453
25.674243054756452
26.122005578673225
27.538903656459954
29.548937304054142
32.81925130846743
36.39371161223988
39.60202150836963
43.45503262951256
46.807029908785296
48.74544539088157
49.50449459184852
49.91039288412347
49.105695542980556
49.9910595379401
50.18383168177211
50.99523546770508
52.10580235106684
52.49031868328328
53.06074145546955
54.37820954734096
55.31209906728047
55.9193984414775
57.07214918313497
57.39458625131719
56.966478176233046
57.28536462047451
59.63527756128396
59.32810796102383
65.18525042257077
63.37314854166293
66.37308666251053
63.0710565732804
66.2719506216863
65.60058512683283
64.01932304578276
65.03289219975377
64.40763456352165
60.51020364411296
58.19263593839676
58.19690065583381
59.58838393760713
60.89330248096519
61.597211077032085
62.29259870253213
64.51234317318757
66.58596520410084
68.33637218729908
69.206808441914
69.06240242894717
68.27277692687417
66.1682860096218
64.04783448163452
61.942096173608476
58.094325255961095
54.402509391442834
51.61118253391686
48.803347252591315
44.26456403011915
39.47666210794561
32.73131151116421
27.52727765111519
22.090163293334143
17.67685042171697
14.563640911634145
12.164417142964597
12.43627203350147
12.589101342430144
11.789591956045033
9.367965068281102
5.935462291653563
3.1451188757364177
1.9515093512963104
2.3029259270958913
3.12582421566995
7.174148575171182
8.705320578145296
17.63723768418041
29.5476783332043
28.751615697077433
45.93806206697262
51.909134180467305
62.72578424657181
63.27409612707915
58.78321853919492
55.435326023001764
49.37660237222465
40.689532394179906
32.41426655691319
27.808424577217732
22.748726134346274
18.705383653208504
16.37756620005565
14.427804961576546
12.757579413167877
9.7113354472989
8.228564397667895
6.480340566329433
5.605070666808334
4.564337021675625
4.126381333291722
4.30502375657266
4.705460087598409
5.686870398459302
7.131808977746905
8.079974800037224
8.427173738081617
8.217958688260499
7.384787536553752
6.311158533881275
5.457613387196995
4.1740093503403966
3.7679191118023683
2.9699759825078624
2.4513389040747833
1.0660722617887581
0.7709116617471625
0.42838959828938133
0.7361595902083388
2.1089019526856565
3.7516548619880803
7.041662980176904
10.393530773664853
14.637670340916532
19.408320551517445
24.480425878029635
29.660251665875293
35.66184264982456
39.949893241708246
46.6131809802894
43.053365909346
42.45629495874713
52.83128496825806
50.05787694100118
53.15250641459001
52.50469035636344
56.041982979762864
59.107593238806835
62.22280616440684
64.82438760073433
66.6580111787913
67.95701705521333
68.8957795813524
69.92995374559187
70.6874009374261
71.7983272689332
72.63553153140475
73.91025471520862
73.32910448434993
73.27596093494081
73.85026358325695
74.00541104839002
74.46033451218366
74.74405488840807
74.64526687458932
74.40327582082833
73.54810531276019
72.37789958287568
71.14548613784031
69.98317372082656
69.36900998219818
69.2527550065351
69.55671151928632
70.16562809666257
71.13891066474298
71.17100123666134
70.97577568565384
68.66053324193643
70.3930766840528
69.84343409329395
70.11019461794199
70.12380922276967
70.35687645766163
71.81824324247584
72.81099354732223
73.89387888990248
74.38145878655453
74.50395978672452
74.40482155659396
73.99911755572657
73.13154955944735
71.42358430407938
70.63695143064461
69.82796432564749
69.26332991820112
68.72838484653704
68.29087219350562
68.18515231312692
68.57497842308956
69.2671353194439
68.95944145649835
72.3234023235355
68.35078164886473
69.46189671825663
68.50551745012399
74.86499075835812
67.26242673842296
67.87979500839575
67.81088413783816
69.35369162927157
69.82716303609871
69.23956504351757
67.72688312474679
65.13150549730776
63.151343698040236
62.632382643834625
64.66595794084807
66.30333478257283
67.762363783811
67.782794965871
65.54008708895994
61.24747841970587
59.60181045962575
56.77173944992322
53.19413935557333
50.59418732867109
43.055637481312864
34.94066644154109
28.868057156796745
18.98500613908346
10.585769714388046
7.135215416213256
2.524472503042879
1.4060529547069933
0.844001445004777
1.0035366808035078
1.4890567024797157
2.2404265000846775
3.2395915652279035
4.610040505410263
6.876839268237073
10.833540396782663
18.454515244533432
24.954643875833142
34.14352755624752
39.430358618638905
40.48919421624228
40.579213079341
41.15478694286493
38.14037262321983
36.83968249968535
25.83059070993071
18.484684041656887
9.38188679900938
4.681911334426061
1.778743084174483
0.9411263971288952
0.6070348134438448
0.8455878070159193
1.346562746250103
2.0784621877307803
3.4214251136568974
5.211507320774675
7.113275135752013
8.803301810151854
10.610984325892574
5.109435275367089
9.4587997806014
8.828319855943516
8.585796582632433
6.537254108320453
4.007518385155763
2.3966143393454757
0.8370491658413768
0.48368837742393456
0.3276447370372036
1.0290491570564446
1.8828934231956922
3.056301857826976
5.2594596392721
6.134948217047522
8.908917615645123
8.372299517818032
8.689444800478965
7.821514102423569
7.181010774609971
6.320565399913258
6.012793460508711
6.053942197278934
5.988328423048774
6.245445459329664
6.933307825392928
7.765661016416163
8.875285982106758
10.362827040606675
11.59749114904468
13.2904505568315
14.689059977624916
15.698888648586328
17.394206410971474
18.421923346299813
18.443131102339585
18.46893156698514
19.78155628407962
18.58344842947283
18.197133269684926
17.685589713525793
16.91753620365704
15.234303409484365
14.163132103076428
13.834431099580002
13.731862051126654
13.12515779395765
12.322880621428384
11.687321134709073
9.95132044600286
9.595086486705826
6.870152264375898
6.704404143284977
6.2239341331081945
6.3004688285432096
6.34913907635977
6.608375476821678
7.408888861963307
9.527772024427541
13.145518902319804
17.57747361794154
24.347315277249972
34.294268832106766
44.497621792967806
57.596926399607085
66.0851097469147
70.57415289561209
73.01464256149858
73.29896570879187
73.27985453674053
73.68723785749387
74.1076503587874
74.36855712029416
75.29640451507733
73.67156364535487
72.60722040326917
70.37470851543931
68.99131214051852
68.58552028305476
66.2486086111258
65.0269879423152
64.83965646009828
66.71919517136587
66.75997625942706
68.19111442565224
69.58084417739244
70.58361758905289
70.56557228829895
68.2649948780475
63.93192061266958
53.404018429671694
43.13991916059901
39.49355446225303
35.66961417669202
34.352513296249086
32.88384606247118
31.090224729061724
27.527417931905035
28.663388243457995
24.227926619813204
21.734302371408305
18.872839621430487
16.675949248486596
13.262843045049657
8.977058081952949
5.981181430781314
2.405221179899928
2.1943426120317824
7.650062862684006
9.56105095508045
19.079171562564262
26.53649013996917
31.028971265546893
39.00871166403449
45.96616519908329
50.21637539489599
55.71630708940941
57.133494906577006
63.338697217816765
61.12600400977226
61.9312249571
61.18013824989934
64.04667852669628
62.554244800587284
64.80981302333703
65.25768927023215
64.08598788682164
61.24369149083
51.96417869427256
62.697748274825265
62.50983732627754
67.03962841032319
66.82823129896292
68.2761396343156
69.7265062843627
70.65927023179306
72.05211948766285
72.12419941324313
71.12125549760248
68.80883227445764
64.91039071127433
59.44251112267837
53.01292804192991
50.442304929471625
47.974625679916784
50.23311532757066
53.30640972882186
53.53029820947351
55.46390178704819
56.23808441404609
57.52877548878571
60.47199598837338
60.209606116621075
60.8930962368558
61.72684225055672
60.307144980773
58.81907010279443
58.01874133314192
55.16493772826023
56.715952599027815
52.40765673367065
45.15307775420932
34.40664602124713
20.993392176107143
13.082626407369897
6.291191236682129
2.7740576931500667
4.597945276813256
6.432512988517885
9.477337524615216
12.644411443368881
15.95995140383291
17.65033912016369
17.76558973833729
19.742567297058145
21.251733408842043
25.182643987356922
26.22544442548734
30.449087665790564
33.06378283612085
36.88741076511973
37.4183155787664
38.95521404302055
41.316209682992024
43.40971673752038
45.11992728567901
40.90073222473583
36.48451158412216
32.00737221094087
28.148740270116406
28.675905439339907
29.849875629486547
33.933409641661854
38.87814562688439
44.40497946339659
47.15205096041997
52.319260719228424
53.4351174526813
56.063322162467244
60.164068773561915
62.482970222333265
62.58425358585223
65.60177726414156
61.924402927590734
57.01695915854711
54.16474529678507
47.455518770064266
42.529284221690666
34.643537911146225
27.418606237135883
20.4638558042138
15.161715701170376
10.744432156720096
8.172812686047635
6.5801274580983975
6.85529094285568
8.205172033998384
9.840047007606564
14.898124087744117
22.432818224191656
32.06432780052697
45.944701146622194
59.01556265945432
68.03268467914997
65.36215486312969
72.64093582690106
68.62027696198608
71.52712416558305
74.09102444186087
77.05956452460968
76.90000366462917
75.73681470800832
69.04271364455528
65.84134790653383
59.25605499567614
49.71817117476286
38.63513979164527
24.66175777145139
18.281755905057572
9.133068609447108
3.9992706906071183
1.841860435821282
1.526474971287126
3.0113493573901406
5.963442782646239
9.775538934217913
17.76430843913447
26.419259886018374
44.13842947264112
55.17771141560215
68.4422389986076
69.92600402527012
73.5273759572297
70.50339173629152
75.06793414852652
71.84118851237912
75.36701251959946
75.21106336631836
70.91578929490373
76.67038917280479
76.08966453120792
77.03841443237317
76.49193147843502
76.36440433748697
76.41324100394186
76.02208573563414
75.67575736295538
75.1318954857413
74.8559752468175
74.59566275054635
73.95387642169555
73.53514577095353
70.52277696586673
72.35761426024618
72.31307832889792
72.64923808484376
72.63606563495216
72.9408924287687
73.09661844615478
73.51290771923449
73.2027189548989
72.97084243156408
70.29565341486122
72.91473873667036
70.27856070421757
70.11320451276174
64.64958900552392
68.65052321552605
68.54867999843746
70.3256864477762
70.0449497428078
67.8688309830058
68.11734199955613
63.01592412599695
55.061808653489365
35.67370677302755
21.284792388024158
14.720875262859176
9.879527400408023
6.583329973225744
4.444720822944485
8.625195807274306
9.068945186200033
10.045376484129608
9.975029960079972
9.779329445704889
9.491671554072909
8.761226846590063
8.116655281037685
7.97482576082789
8.529896713623483
9.619974683585752
11.293452858843699
12.90990674466204
13.744466108839
15.51747859947714
17.68915798297855
21.406871360220578
26.214825531546033
30.935224321685133
34.75755030060698
37.714825490421376
38.517191532172305
36.1174953813353
34.94905406583292
