Выработка. Результирующий расчет
18.923087813671767
17.98693800994226
15.985989290306106
14.025707468744312
11.407905930810024
10.392335145589152
10.344725656157205
8.681515458175221
8.7567315546994
10.628927846672957
15.482042831148442
12.478791606057962
12.015466202381056
11.477253175256477
12.458267142076709
6.81429523189032
11.161631373556006
15.429830327660522
21.373686545424754
27.494884765333232
25.378659063236338
20.645678539959835
21.163942084692884
19.98116755259449
15.83731317835928
14.997026217833389
12.639518547239625
9.785227983249502
2.045167070985446
1.242695070370785
1.421480320543873
2.82501398623947
3.7684260003195402
3.713241920341876
4.448912771026516
5.463275669503002
8.019297397093895
11.38942621966296
14.859883721729197
22.42939736930449
29.726538340700127
39.02299654457974
44.77381671415494
47.58409420979121
49.807060342127464
51.78050411025614
50.730977158891264
51.769328452384194
58.87249532420802
56.95903092223351
57.21289905368863
58.849827987283916
52.50859057989892
50.70773862696006
49.28366836014389
50.67914905722329
46.33059034692425
42.15826842013011
40.33709333220883
37.24425516269405
37.28207405103319
36.29313928959639
33.340440112357435
29.446291954134118
30.841126988687435
30.004139631120516
25.536614695878125
21.284840211326472
18.157009354853272
18.48296783694692
11.303007452122145
6.532048090967106
3.335281412650829
1.0339571938838465
1.2980703418863258
1.252573390344827
1.0548437747245578
0.5563512078391596
0.4362589467238333
0.42290884077232443
1.1424690517758234
1.256183724878427
1.695064723617235
2.115037665385439
3.817787604993994
6.015643628734896
7.577146081131068
7.967369920131206
7.771032623878456
6.967795089642188
6.861526551478395
6.527637363272829
6.888902893207148
6.6937683063802575
5.997562658307906
5.0114922647006495
4.564343514906455
3.4814468581630105
2.4860931859307414
0.5016511364562246
0.018504701310057853
0.016506112675066405
0.09910257135982228
0.2770363191360164
0.7707511693539589
1.3143936420378157
1.6642627365003317
2.5508093833987857
2.9912107870985194
3.78215019781567
5.744815880978714
8.682676707621754
9.895837531033061
10.16683246175103
11.106415622882903
11.836927569639034
13.013534323620126
18.72306746642165
16.083257520525994
15.383397476680008
17.66314963578282
21.12682161662829
25.398808238256862
33.35334028029845
39.57938673274404
44.994369863101404
46.839756009917565
47.73919638628332
44.59172082223444
51.36999169622059
53.66104442213768
57.315192772664744
56.60197488676465
50.67065766028794
42.984148510916675
40.00295021977616
30.423822690532436
28.017018446150704
27.82055324186114
32.103187026113794
33.07061392886754
34.06853335431448
38.707261767188385
36.120610795895594
33.67562671141282
32.08303930139567
36.70201053413772
29.122601402007007
33.1766339281309
32.48151998443771
32.63752253414676
32.62570572394853
33.35718192961891
33.726951513389395
33.18372805059901
31.767066539496327
37.1870905941246
40.313941760502196
41.61233210093282
40.841708993308565
40.45916228566427
33.01296296606601
27.703222377357424
26.233977996872042
20.842300793603755
18.027223790363834
15.660802671583532
5.8014330344392695
14.779524178501195
15.773694193923065
18.451700316475453
22.742326889235578
25.10165289934778
25.357433055416813
31.912125133542066
28.446871628623832
27.7318021304469
26.286632596994938
26.622534095112083
30.179524193070336
36.62285112952647
44.482294254587444
50.44746396334237
52.01522969118767
51.949503977758006
46.65373720144231
49.48417814792917
56.18491740282706
58.550222459035474
59.11747070561598
62.835351331354246
60.26392634489021
59.12049679230431
61.54168693517388
58.690816970522555
63.06669237410698
65.16549831164355
67.08119641854246
69.19073683569538
70.32414520747089
71.80114843721427
72.17309155165034
73.02857038179773
73.54067334814354
74.7867192019572
75.79308392879031
76.71695870501595
75.9036627127814
74.5643630272712
70.8524552215751
76.01627093101133
73.41539158226401
73.48051754341994
73.34553414669277
71.72561551413898
73.14801572895524
68.98266578653161
69.45525783741705
73.9486880840943
69.67662500771591
70.86984770393497
71.91812201282048
72.49724489877559
72.71455075566854
72.75477105927975
72.46126386988145
71.95248138343399
71.586454258749
71.09479059993238
67.95978666653397
62.60075064383503
53.747361024535074
45.08433089252517
40.36252975275309
39.66311377864114
42.298161316435056
48.180092685879124
53.15989958343424
64.06819450399638
66.45412779544428
67.78166063543947
68.66851821726732
67.66294758992484
67.15544007981595
66.9501110155159
66.97485114874583
67.38004367159654
66.68163478124163
67.1440192034884
67.52733132440886
68.17176520847462
69.9527437035668
71.22510542519552
70.4189607254552
69.69081820322467
68.38947907763955
65.92625158388692
60.27544755412126
62.86473827211574
63.42658988982978
66.62243304057425
68.71967961419982
67.04203170502952
66.7186437137599
63.08084390561289
63.599507129435466
63.80786459817936
64.24154549771016
65.22113940633494
66.11816755459938
66.67125417161517
64.60648934397796
64.30358042321912
61.41272116512126
61.547337881171615
62.31528823534656
65.20007334358701
68.0756186173014
66.63611098243496
69.50266803599209
62.62555339813525
57.46044534087628
56.113077450927506
49.391397418067655
49.41234989062664
50.335711203105824
54.61414920656061
54.885154355601934
57.59233592842266
51.086357164254075
47.16830217241213
48.81959382357809
46.00789215473575
47.72478404404146
46.4850123454632
45.42443620833422
43.465892366916776
43.581725799454105
33.24485146901619
26.48429631545885
25.68963846871382
17.046743408129917
9.516692264696873
5.148860086621611
1.5245305771236057
0.8147417135589744
0.7439060332914722
0.5262602501682656
0.6547549685992069
0.565706370830273
0.29731518507094484
0.556244910376884
1.6704220842115767
2.158939057717671
1.9942638326942996
1.7823512439064795
1.7567015212351298
1.9591392667212617
1.8582796733004117
2.7161203615588585
2.9061341853880203
2.6683905065883935
2.0925193916856455
1.234513953809587
0.17209068667654465
0.015197114450558562
0.3714960639982056
0.9030450444856486
1.3180850146282075
1.3557085468706533
1.364793680355388
1.246577487636953
2.0207007122343885
3.2041342128371517
6.549828231358363
8.880297635170306
12.089127966517456
15.63455202565207
20.884184346583073
28.29090695138457
34.49332399372308
37.85240649314339
43.219236508569274
43.484987809079136
49.44196546714207
45.60899239947528
17.99560943069181
6.889855869417045
6.741848730216591
7.562880542341233
10.427207754276356
12.521355063116136
21.50834182179256
21.042085454294003
26.14030362790258
32.342230363228595
37.491563323014084
42.12285859880377
51.140870245614856
55.97659676205717
57.95801015688866
64.7389872300734
66.9787734338581
69.10395599737426
72.68779686048528
74.45429972031552
76.3452953739233
77.11295332361956
77.57037687355394
78.00379497091872
78.048294630487
78.39876817705998
78.41416950228529
78.22101824638384
78.34198009878514
78.06147667265425
77.64210164164963
77.69760922363953
76.70012975814281
76.663749882662
75.4168892072027
74.90475285554808
75.45684018568453
75.98935906025372
76.43875014995756
76.5278572449664
76.63954075643777
76.87792267542893
76.87297380637864
77.30357132014451
77.29531745198003
77.48782545491252
76.82798078441049
76.42496122937072
79.97678697069846
76.28972058379813
76.72033517109128
77.05259931098945
75.88631767625562
75.3704664334473
74.56191486032924
73.47912024437944
72.15375507610001
69.16250280409035
73.31055620110654
63.85623245208547
63.04265958680519
65.03489992681142
67.70364253732959
66.15775018317716
67.79015639333184
66.79055046474511
65.97208101886915
67.04076520332899
63.96749566200652
67.01710697541367
68.72507832816537
69.79355732428027
71.29297826866593
72.35471973108717
72.75911698274334
72.3434771679937
71.18300056752894
69.02692979829078
67.00335310608273
64.32333236541244
61.63851061863314
56.9030515464064
53.07573404372854
52.77812874306483
53.37227233473844
58.22771930525647
60.955308869148524
61.26056857291336
61.53147320654797
60.931379813651574
62.52049301082183
57.484475453127885
55.22285244950936
54.98670077400986
57.66156964233195
60.45714908441127
64.0978934612935
59.762219763944465
48.46396759476735
48.954191670187086
46.15347296952079
43.02316383420294
38.79605089244268
31.637381760572307
24.182698124758346
17.90313994259928
18.87178178509665
18.91041250008325
30.867010418937674
33.69309550867163
32.09941788413394
30.590848503561244
31.779227957501018
28.470707497264442
42.53857634224805
48.86040384033542
44.024784267339214
43.03765241251534
39.10068849610793
34.530724716329374
28.15144291706262
21.727458048256157
13.41053146096954
8.28511762111068
3.534628006547009
2.0415654970069284
1.3622252821573564
0.0
0.0
0.0
0.12611995748970226
0.46289001611399117
1.3862154521000765
3.105591748471571
4.528653375541517
6.135043572128135
7.588238485902793
11.080148549695698
13.2539872783667
15.857272801803179
18.649432226112406
20.80379621660838
19.38374641337962
15.078193822235939
10.947737578124066
8.435029970764482
6.296433605719383
4.670260260058202
3.5263320714127193
2.6437858589744674
2.681953013544294
2.5629007250649183
3.7574138025268544
5.625316192564703
6.9636226991648025
8.095834144351986
11.956833832109899
15.9482333180107
17.934483457355547
19.77958185781736
19.449353896237923
15.05289009348342
11.556220922487183
6.808372706734263
3.453254436445812
1.7032413658414196
0.3577212977987663
0.30594985525263363
0.5291590361215996
0.6895796809351132
1.0501770344816788
1.6162763755972835
3.155905948541113
6.093851091773601
9.826132508129398
14.373418794544008
20.206644388659537
27.56473499799543
35.21914012855628
40.618807489064835
44.23413295528312
40.508636780262144
43.11459200547107
28.093094218559266
26.857327062869732
28.309903929417985
29.02044007845942
25.824300518027556
30.574455615015758
27.254781485154297
27.59649599403229
31.01701219364676
27.688845619326344
26.513958030433788
27.23058029096566
22.931812574368735
24.411541561370267
26.699473220899907
29.05943777039135
32.37585477153599
34.03016814305297
36.94452233550556
36.35307447973765
35.75684682206545
32.97898390559806
29.314292466727423
26.012483155121945
18.01961183024623
12.121607296471263
5.405048283455261
3.3505076344780464
0.29693529988678263
0.01311180392762141
0.8089315289227924
1.5100949591560202
2.2050991695014224
3.0916753266309316
5.016020483036291
7.570063679218155
10.269166783166487
11.955756420814032
12.210963028998966
13.195638226777568
14.856555512334486
19.98903478534359
23.695974893656093
30.286602034228736
30.879560253202012
32.65393629186577
32.11729765166656
18.94117340303071
12.511552725455585
8.804571900267103
5.431362666349143
4.282745961285265
5.724367631831873
6.448814692856464
7.371477061402921
9.348908108960568
11.450276589452926
12.075926536626401
12.552999314481948
13.121633759597042
14.770943553655073
17.128735225547587
19.703337976850218
25.5112075910302
31.34027289344603
38.00098924813922
41.777263233563666
43.39119494880975
44.53109299172154
51.337579650355856
56.52796943887974
61.56993458220821
63.75678364640101
66.68266093697999
66.73742126932417
67.395705901384
69.40337431175523
73.1505351932602
75.5200011946281
75.73012588783831
76.21077063673896
77.29577865947816
77.87927044954881
78.36253894885158
78.34877529477963
78.2354499358976
77.98926160665773
77.2397947380156
76.82480038629879
76.90240380554846
72.55098306281404
70.665183516951
68.47161273609667
65.292864845315
62.30724099306472
57.2617882784623
55.500709272351884
51.665869295974304
42.87293797181653
36.363524682697246
29.575231026780028
23.862948343614228
17.767706303450975
12.94716935405821
11.363632667556887
11.278814303945547
13.134589014872514
16.568839903547694
17.05668861201477
20.542920315576975
25.42875121324787
27.45121503014196
27.66120133358157
26.511260347983384
29.569188976753516
29.744640928455027
30.253659844814056
38.09633354678395
39.1236907024741
36.2557015668657
29.870924830972506
38.99776699727952
39.06941512378233
46.34624697714479
50.4043059983081
44.40669259764175
40.48252034379434
38.031226019691424
30.927647295915925
28.366762862648475
20.800344261928963
17.914236691148574
15.831401578511302
17.45068772146392
22.09599537456477
35.12940853072049
38.259701150938334
47.88057653910948
60.741944132944106
66.26252817959701
69.98192962868237
73.52533991408642
76.19793083422567
75.90991618334836
76.21839380487941
67.97752542151355
72.25383868576918
60.35626916445338
48.851274022402535
35.49828627283401
26.005002102135542
17.08427751135181
10.475363896875535
5.35603807994911
2.642186159585057
2.74856770266282
1.8111950141788278
2.137372967001415
2.9304388338711274
4.543217812423155
6.832251074953628
9.640943692353103
13.94857031011078
16.8509329927819
20.08395658147784
26.64627695921675
28.71063489948768
44.57787182444133
42.754311757004665
35.70027962118908
29.17488479532417
23.283518926979816
15.171625401944473
8.747641183504763
4.855753439087148
2.0463870034885603
0.12803022454826948
0.013204993747306704
0.011929416568564655
0.8579146903959741
4.298065097869005
8.91779000008252
12.211665541129126
17.581737721328444
24.36438792689592
26.81285211311881
30.90325037245819
34.322784184975525
37.04688917014339
38.543120204798996
41.41026776065829
43.729814767413586
45.62015872607649
47.87554354872669
49.18664451745795
50.47285234768083
51.353310774319965
53.055860001806955
54.19786462805978
58.64894276451523
57.8221977560961
58.13763923774811
58.11078130536476
58.72539945717679
59.21855635356772
61.85934446536789
60.44127057684363
61.683494620465964
61.62345161354616
64.74983179321912
64.56142092047591
64.72801808311856
62.97432983345102
64.23811388843573
64.41993115947767
64.98358521012375
67.45743211351544
68.2060845008894
67.47461821749906
67.34501839366752
65.43589182019977
62.89182274065216
61.61516122489719
60.39276335215909
59.20413015343551
57.428322658903674
56.38362042026375
55.45011798988015
58.014354518761635
58.23894172752879
60.68825324276819
61.79149839483363
62.33074987302115
61.506782182951255
59.886521363372374
57.70958457734823
56.155001560293655
47.529548277188994
25.875656499681394
16.68490809224989
15.458955185796002
15.870893438732677
16.55544660747661
16.458446937732482
16.05349966478011
17.423691790349586
21.387395075334062
24.825581813465845
28.970153442452073
33.191740129064634
36.80612822693831
40.78061001664376
47.56606094983599
53.65033597594815
54.77265537578163
53.10516064161729
57.301846188148765
62.87555703697611
60.345665337075275
45.1753539245754
34.6455591258312
19.984262082107634
5.821839960498521
6.479762217014485
6.463730191824797
5.464792314677828
5.012321641484121
5.348167026582043
8.212187619245308
8.256494974755567
11.432372350862627
12.62362759815919
17.06175431599267
24.63892788448142
35.96901561589236
46.00357078362122
51.46045340477744
53.0867967399352
52.68650724920142
48.09574832138365
38.43472406425709
25.57826470595283
22.48611333822062
13.730189793230052
7.954397196086099
5.502442240190151
4.2835363879060155
7.385579961929768
10.529152865871792
10.583098338211276
10.138068324663227
8.13063156186215
8.596951807218257
4.491635140897467
3.7791789850197772
2.8143153926779
2.4298875212047433
1.3763998177135934
1.4258222578005
1.6732364966573023
1.7604443195382211
1.6745067447140347
1.4986332764179906
1.100429174100076
0.9497709270622112
0.04573401811669953
0.009272060349357574
0.020173701532846002
0.023714754378467845
0.006277591041756341
0.02385883313712931
1.6619321027196454
0.13366904665894688
0.7034673273779715
2.2653407469232736
3.4953236054408596
4.75478729989973
7.1936872286037605
10.979793018606694
15.136088322489604
21.024008871795292
27.942142482066764
32.40890272790672
33.810573610824335
38.94625365646224
41.62373319609195
46.16414219160388
56.381751218523924
61.882577376132645
67.42340831675494
76.12755111934003
70.9488689826477
71.92271964758257
73.72987027127853
73.94481126067438
73.83068457080437
73.06931966299392
72.80833125146066
72.20553757128505
71.167416605578
70.6132114302555
70.48074473749827
70.375968958542
70.4065342570646
70.54699697518063
70.5101775151351
70.2433030986097
70.05594353792908
69.80524391120879
69.07027306956255
66.54560648530125
66.45038468509767
63.350543707279684
59.696105779831825
56.68932567521297
54.31583480736236
50.85844792742084
52.66676142291647
48.08937798717862
43.88619792733202
37.120111886592404
35.416445646590006
37.46304665697614
42.279871089565646
50.790819093586464
54.71766982439029
52.83542936774904
55.84538669997237
59.67184266937718
56.910248824479815
49.18821407004583
43.53706960747444
38.260737529238604
42.646078294078784
40.099525755344985
51.602923674437214
49.050031575788296
44.19344317832241
33.968750273764925
12.687196766607077
8.074316432653154
4.977537164209383
1.643074156761482
0.4732130233125171
2.4233624285069872
2.750641786463618
1.114280358688644
0.9818707417679017
1.1308298936508943
1.1451621579335314
1.6642225787857985
1.7744627168748093
4.215053606544253
11.949319445922777
19.669616874910385
35.40959138318544
47.5640478504813
56.20701933077622
63.48357573676237
70.31394039420486
73.54196316175644
74.5797067222776
75.22763799662017
75.15202389868472
74.54436717369522
74.09774274774897
73.66519354513358
73.84407899560074
76.60740222989031
74.39525413985635
72.69003063735737
69.05230082470655
67.75577294913448
64.50464612470061
63.30530437539773
54.00759460282873
61.54610654959184
62.851858399001145
57.51987630038508
60.70089889017168
64.96465879785202
68.85636717970888
70.96492004630201
73.358892123444
73.79390757889001
73.14750931152761
74.62746957396054
74.9183058937912
74.46278053250951
73.89229236502251
72.46948772738362
70.1409974321841
68.60240288386099
68.67873307827583
65.84744901666268
64.43858760707317
61.13517863258229
61.66520162476506
59.773600422806496
58.46048430184656
63.228169297685874
60.32661739415707
62.09963601702101
63.14338065206963
65.72543382284576
66.53772836722274
65.08255146838164
65.20686585267691
62.11701919872533
58.42611454530885
50.94375942996375
51.13907391391234
42.62968552284554
37.99268196090087
30.267583392494103
27.357702841743066
21.174953984406287
16.08154409440468
16.53126064046121
10.255036694250002
7.942157743050635
6.2058462008495985
4.799767884622923
4.070862561364544
2.743474914020102
2.0269852931930785
1.8939467079409555
2.5106569183328027
3.5969440787502713
5.293080165119113
10.543079900547752
16.383088754486792
23.79909616607814
31.527793978998353
37.92610121735487
48.54073770080053
58.77134400305901
65.17253624201466
71.07808247722843
73.34800079517105
73.21891514792152
73.52019986813393
73.77560756123883
74.55555216554077
75.45691581196724
75.86608996632894
76.06900226885742
75.89960957376435
73.51795272775394
75.81228705132263
73.31314695372495
74.17294471736483
74.6799517779986
74.78047714681279
74.79699431127698
73.1909305286571
73.69078069603462
62.84599189012417
49.30021109419309
35.71537634496078
17.049052673184732
7.502914904469636
1.7094160887577732
0.4678793337922864
0.3898217256453442
0.47989798705186976
11.273609053406613
13.524741560994917
16.092568630388488
19.063744954739036
25.426822540099565
32.34131786831156
33.340892413736114
36.934063248545776
39.04837435618676
40.86910608463713
48.58599031975816
50.35513868382702
47.123221230922184
58.26732190692552
59.33175803344881
59.576598629387576
57.64393227179427
57.61438355453228
60.291154625616485
61.80093448596271
66.5046530245695
64.61533217314084
54.016104522127826
58.50936079535559
62.22999846638493
58.02513111676713
64.65383517815908
66.99949182174736
70.75671589168883
73.91675156602378
70.72521884941153
71.78517499308799
75.06561333182802
68.11040795969664
65.75443967023041
60.493901694993134
59.50367735247714
59.57174347060389
60.927772586136435
62.11291322207911
60.40943077531476
59.96719980772723
54.23130278468094
48.26728995655354
47.49363995955157
42.759287531179055
48.73400132964148
53.9822385914489
60.85602762357362
65.57755598050369
67.43188583262105
69.86860128438997
71.42702930355546
73.51321689404878
71.71908417711008
71.59302891069068
69.69733500900955
68.67666047066716
70.66411552673821
67.26340160932511
66.67735226389476
66.31457814527643
65.79973578866863
65.0923671069075
65.63950275586906
68.76769726504338
65.30376273532353
57.016836088959856
37.54591760901881
35.331263049365646
35.1855749524395
38.91632907392193
41.67731579701937
39.700621124648826
42.116085114413465
33.67401224081143
26.011014650325702
23.33786037324443
20.620576626311024
17.663920148437796
13.898511599641589
15.878894990982408
14.600855272083267
14.750381497737175
15.346922459505187
15.463273619327706
15.466297829201284
16.433711761012276
19.37564680079226
23.50677273151968
18.57167323227553
15.83225923972262
14.136839014383625
15.619385439375295
18.609077539886552
21.516089417268756
23.991823127374342
34.11490472838459
39.42324609625921
45.985215472383494
53.73101106316548
50.20790141490345
50.34616055620307
51.39805550179057
51.12680552492235
44.76409692017931
33.36894783993563
28.97663062041833
13.065358345434003
12.070335497469962
8.571076831414166
4.620237347763752
2.4088813845949937
0.07797473004500402
0.017788190938523046
0.0015820960201610957
0.011512279349239549
0.0
0.0
0.01050063687051991
2.589389081148004
0.04784939057320583
0.6470230176362879
0.01617901122042181
0.011929416568564655
0.01059340990592846
0.44162691296784445
0.0
1.9751106828419285
2.3005638348779227
3.8719485320645917
5.438807610337022
8.491936759153488
12.080483666994718
16.38663790938068
24.01520401718637
30.618277351308855
36.740130009195745
44.06063173835151
50.22562059689248
45.85102246512654
49.68058211490118
43.552185657177155
45.76688880605216
43.25881769899557
35.93652283542026
41.98078987630326
39.80644965595864
48.23146866492815
49.280867080800284
48.05944019847409
43.66741314244852
41.038132552673076
35.43599321136129
33.66370247835587
34.03428805050182
34.38116426498458
39.73160846800369
40.42827362773745
40.28397983184712
42.46094829122886
45.8643768790601
49.450281713620406
52.03017666327163
53.42426676869129
51.440054270428845
45.14422494035383
35.60646632578602
24.81089793559128
14.45507060699212
6.609081718486293
0.02385883313712931
3.4604847830567587
3.897215034076187
4.3349888142304485
5.148966823913273
6.97226127456564
9.852203190062898
14.899373408695503
18.623373313342817
23.72650089965969
29.619385175356296
28.02235437064671
31.87514783558968
29.078350111047634
30.54818150242101
25.56726716726448
20.31462002382706
18.556424207195143
17.629988962755586
23.719767862470945
26.906264436257963
33.105093290114425
36.03069267164885
41.57484868330069
51.382636417111236
55.27593655819394
59.22104156095326
61.983084575576044
65.10448936512961
66.99139566850506
67.72598859903593
72.48841825236786
71.34820403426839
70.38641306041563
69.50142008480523
69.67930235514314
70.19197664210664
70.4762804087898
70.58904815052385
70.5115422274929
70.4116134084608
70.63252591496801
71.02624841561841
71.41434457494516
71.66858335590253
72.0928564675459
72.09520993754154
72.37095101890421
73.93512861101257
72.18323023159876
72.10084021020145
71.23122694194451
71.96647788542853
72.01239692733476
70.94580978228292
71.30601853385645
68.97005418666059
68.12577109579196
69.74036271369164
69.66862302544935
69.6027146154038
70.77262075162423
68.74939413634638
67.16953203982258
62.87174156417918
58.07399436608742
58.10980022211445
50.910445801433816
49.713297097781485
43.198673705214006
51.46575412594423
52.31139121313177
53.144851423511135
53.27209446724158
53.0842187795404
52.32361010493819
51.07814697202078
50.2065630702567
47.85357470513973
43.69656797071897
42.04070442919757
37.96262890861712
34.92565963746682
30.019258105001366
22.16541731236684
18.44218520843292
13.919967881909189
9.763240968306844
5.979603436866041
3.263152112964435
0.6752405780203542
0.02385883313712931
2.3682199869410017
3.0108776112360642
2.6942020273522393
2.5136891965542842
2.7084995429601624
2.7967089708953083
3.5101545702392887
3.069140207970144
2.943798650784975
2.5731354873837207
2.2755093221706044
2.59574983477644
2.459412924939281
2.503394304336492
2.8797475181675276
3.5538118985110523
4.250868079819064
5.584507857427079
6.485209317362956
6.545120014651576
9.254696517013507
9.593765758709901
11.312895421894785
12.862052006395269
15.93467984168742
25.83392785212138
32.9839308315136
42.92455974709411
43.57745752056974
47.189821518522486
52.857347145344
53.964794871665326
56.42327124976738
57.30978570754217
60.55770771304071
60.699236870987576
61.71094674556172
65.6682282967805
67.19943374138319
67.57705128007659
67.79220171338638
69.94388157073774
69.54371986077821
68.47643912860507
66.72433098503744
64.77367822973733
62.91600117953304
61.5513523248969
58.08429119020447
57.49884643592648
54.062093929392105
47.731771052310755
49.893817836902
42.87227635224816
39.142785583472374
31.29997249816815
23.506213608738562
19.132674292869797
11.400916305133928
8.561144063956412
6.518799388948198
5.539817096323409
5.816964532034842
6.458889218467236
7.772364675964262
6.87754194663195
7.200322616001489
8.358617832843956
10.248797143727975
10.988550484962722
11.55491574597263
11.92483932901192
12.617120164979537
13.602577858051513
13.764670701796664
13.348477427690964
13.774038008817927
12.67101847660467
13.86376627443034
17.794735718729072
22.783788945045075
31.84626870558482
36.94020583579642
43.271863151011665
58.911107210709105
61.785464172425065
63.32794725989407
67.73112527646511
70.438279058288
71.91764688828971
71.87205401616269
71.6060862918346
70.07646096623465
61.83863919708282
69.30458581065005
71.73938868488135
65.64999879614408
64.29821769783881
61.90316371381469
60.002289634731326
60.07453942301279
61.93095326788167
64.31601816341858
65.4498276758089
67.30161690054157
64.31638542757213
62.01159194049547
60.55543956305184
60.01817819198643
51.69049302092127
57.92788616073557
58.43993565745628
63.246483055728575
51.13868377344945
51.51302588821738
44.4634961594559
58.45133664290432
51.431213190529235
58.22661339282736
56.65788352378359
57.37011248430304
55.12598441680665
59.30235829656121
54.75287376813026
51.47752859264821
57.70359687026821
58.187438415585724
58.87343196663341
59.261076531156235
61.31663181867989
62.98047697469646
63.01052469750912
66.37948096169853
68.05219775357497
67.1463534056875
66.06659773515464
66.83873621762815
58.255495262030614
48.17989007322037
33.45006027484733
20.75228688486375
15.098811393189063
14.269294146058199
12.142899962995347
13.48320698463505
13.61258530458244
15.013960336568573
18.56113604115865
18.50509430458365
29.007992924537948
37.85453263063626
34.772359314060594
33.55525437384489
36.181720657858605
47.70160938155599
53.747899942305985
55.66893738762193
56.53586305893564
55.85082468445546
55.89295838987344
55.42449615654228
53.832986635727536
51.29895941877834
42.98904300069843
40.16755142532609
37.3882840392938
39.03782577586708
40.64158218488675
41.28186817561034
41.22175274748086
42.74393224534743
48.53951832240876
45.64136641181846
37.8462539654657
47.50665154428111
46.18249285048498
45.6204491292677
48.980153414208246
37.608166351304156
44.57230518681082
51.0887606558363
54.484008292151834
59.84348276062301
61.14948716397647
63.05048483530893
67.18919102854268
69.68715827978168
70.10836638714106
62.66488228920003
70.21459864548457
69.93614135262165
70.49861387976138
74.49321031977988
75.53382829169567
76.34416134763957
76.25843073475954
76.95619347110778
76.74859369025066
77.02669007086364
77.23897524071528
77.09494338089786
76.81340577333313
76.52206427752712
76.33534641554297
76.44965130908909
76.6150246323549
76.73680146819238
77.08309703172026
76.66395867337222
75.31268274075981
73.06285701166604
70.43228597555708
67.00178613601221
65.95706044597705
63.934386277432445
62.820463675713874
60.59480520937775
59.31882441704933
57.83107102543546
50.73835509724327
55.294438065842385
50.6819963716021
51.50874127652361
47.01033370996534
42.666184503102386
36.10969917916662
33.750467023526575
29.9300788621754
27.773633490187244
25.48435384656113
20.616653392768697
14.869663204743667
21.478808426057977
18.377142492615814
15.01894139100801
12.505225737940437
9.675014092164027
7.445546805243256
7.208740672951723
7.468503239545842
7.214475081508066
9.506117588350332
10.54206836010183
12.575834713637873
15.772926056842214
18.949885731085857
25.24591174828045
16.828157267019513
26.169081715418276
26.230764089540532
27.36434251185449
29.25658427543436
33.00537008670064
36.360665669407354
38.84110818931814
43.89201435127291
47.73447316545064
49.31105919955016
50.036690315039685
50.778121410784514
49.17270574137285
50.09452651484326
50.2000123796135
50.90745844028206
51.3638989840278
52.616464570844734
52.58150420733799
54.76638675811746
55.39525227382646
55.90589978825793
57.66272157644448
58.14101313838758
56.85163683774927
56.83420083789677
57.16278109299741
57.78639605062519
59.26382704320554
59.900626815394645
63.29982596610357
60.008910166265174
60.09576741833222
59.95590923916417
61.26323477555876
60.02647579322455
56.3944239442298
56.36581766395513
56.91191936842247
57.5865944284029
59.69903182179812
61.2511177166453
61.55374811462906
62.10162456423607
64.71085979993494
66.98307156493546
69.03032852716714
69.750820514967
69.95351576099617
69.20973890391295
66.2329163598855
64.3814834276124
62.69003568818427
57.724667656084726
53.47469219901541
51.77823697688351
49.53128679425628
44.721751611303546
40.278793104064995
32.15103738777354
27.214034359384684
21.593802225054976
16.769415773842265
13.56106136214714
11.896628810153372
11.901086026541261
12.99050540374102
12.394167277423284
9.822437950759403
5.627645308916633
3.2102136055312323
1.0793380505918218
1.7293411985041418
2.9600656794553055
7.740167967617041
7.467711904921359
19.613885259557634
35.84133303368549
36.990054028195765
46.61015792240529
51.86771583935236
54.95682326473156
57.213167134501816
56.788918682589
55.16547531553406
50.80279849764296
43.69715983761897
33.04310331575621
27.36904121553539
22.19576816561007
17.121949110261845
15.324124218037872
14.330698142785572
12.994944567738937
9.331415238531298
7.896109969071223
6.0783852955395465
5.611840719608794
4.333914771224155
3.7819238119195226
3.3508675806453727
4.110136066789342
5.170089247076046
6.969115507980767
8.043107255640852
8.475718627060543
8.331267172450174
7.175494508513033
6.090405571204177
5.345096882727249
3.9589994066091565
3.7966850494582327
3.185005768878281
2.1876476478155977
0.37698263887289246
0.23148623406997515
0.02385883313712931
0.17534677879509736
1.965287012970458
3.351072986624645
6.913975277728841
10.315563884798756
14.727204289964865
19.752457495605405
24.7116815113353
29.87748115060451
34.90386185881943
40.41374050768872
45.80772957553669
48.641694349108164
50.73394828446126
54.33618521650643
51.22262294112294
53.01684521041049
50.857523932845545
55.97195415108465
59.06913462138972
62.49619965007651
65.03624646956244
66.98957739945259
68.19873927367804
68.9114514895446
69.77445113389867
70.52328366773442
71.57105478214292
72.7047028636938
75.14919100373477
73.89161937308589
73.58918320797412
73.96764930954869
74.29837057232186
74.68288620619806
75.0542382525243
75.06942596472501
74.80499107322726
73.9393149572871
72.68440177396513
71.2690967882031
69.71976902864381
69.18957588823054
68.9781404665838
69.56626231804808
69.93849208538404
71.46702063493629
71.93487838717994
71.78370476454485
71.55486522510743
70.83621164828551
70.3133304537627
70.24649394434034
70.2144134919543
70.27328929919622
71.93475024143139
73.25117303927499
74.11491101585706
74.73577277185679
74.70970646504911
74.78789437229979
74.47304387169076
73.5234182931114
70.991339963767
70.38836914965556
69.89902839242444
69.24488860912652
68.69664299987416
68.0074296658334
67.83885072888633
68.6500971606399
68.76026097702137
68.4881197867519
71.54098511555561
67.5587850577492
67.5573776728609
67.63367533131209
73.06839076232367
65.77691337215212
65.9715435506263
67.87294410802735
70.28529519777385
70.54232527397751
70.23702054549861
68.95052430354504
66.230829033362
63.61761212681163
61.9906604433924
65.28298788850596
67.32589425375443
68.5477772442559
69.88468239616661
67.43124804385072
60.295569995824835
60.1370763416977
56.001562113234186
53.39384448892134
53.74821498843498
43.71507929153828
34.09831073940188
24.697162882323553
18.36036732569484
7.657519965540887
3.796563583895254
1.5238459270273443
0.6652210546407074
0.672491838807366
0.8756242341936221
1.7693506647027721
2.0997587178214596
3.0422246820633156
4.140104390725999
5.784212269017861
9.309456349016214
19.035326646402623
23.925387222650702
36.63574101030625
41.64240068373298
40.547229959371805
39.593761678047066
40.47986242552866
34.568642861358235
32.35917577193845
24.445067443492775
16.843130723843476
8.213331951020034
3.3333664899355924
0.6432248897203294
0.20943796238056675
0.17709549807527428
0.420535450505529
0.9683624729746908
1.518646508594837
3.2382304704406177
4.623862523913716
6.304494942286961
10.044862723844432
11.379097696369511
2.873306008188284
10.188561320490782
9.905863298488281
9.112039559811235
6.7244545415309975
3.974533019828526
2.289472745144809
0.5168624307511671
0.24656684333863166
0.2934985984438461
0.866902940160744
1.6935818478053772
3.0571055520177
4.327620173790689
5.365060114328346
7.296827821087763
8.099484322051904
8.455862262864107
7.7016789631142535
6.833390067017855
5.6852155242607445
5.499447572025019
5.595094295184409
5.345126768373696
5.610125818762164
6.438905531331842
7.262561511276203
8.45021760628968
10.728176841105658
11.237949625693702
13.20834444219429
14.688604595781344
15.34564236805348
17.584543130929294
19.21765161655348
18.17577859227774
17.839517537113434
17.988518865159254
18.047541769576565
17.239990904285882
17.55243675399765
16.820470292647162
14.486412151388093
12.931743072036292
13.342720259399021
13.695647745592328
13.147942547996207
12.097792995265962
11.505599059044071
9.48501069871093
10.192979952701887
5.915646117612463
5.847114447167574
5.903170756190035
6.455099498657537
6.425716359921314
6.467677832277224
6.708076733512615
8.8362928829332
12.305586338177068
16.34837033288285
22.634933545144584
33.45413489475898
43.83127909990237
59.87067357250369
68.83096362455233
71.88376917605983
73.95963115004292
73.61334686537255
73.05991144020717
73.82283381723315
74.16028519633865
74.4735572330575
76.68655459360131
74.19089309759232
72.90237534743319
70.59045799633125
68.68475289442428
70.0745412881819
66.75258970140766
64.03863129145155
64.46487829324373
68.58367841093234
66.82973188707487
68.50121610489155
69.90740335700677
71.07697006589358
71.19715865161595
70.0418727360671
68.13223562358246
53.50225115484078
38.54682222371964
38.141165449115384
34.52775351506495
33.262048699670544
33.577846101551046
28.160268339520634
29.618241123869872
28.61013731250946
24.18279506153277
20.489943026525157
18.26672696087628
16.961701380956924
13.02796467689514
8.304657939858142
5.975912452730495
0.04717633166269136
0.13197201992969332
7.7795448075938864
12.009894877006317
23.985893578436443
26.865010932119905
34.28240607552303
37.57738028137097
45.28287187532955
48.602918771986864
53.55168095385312
52.89421694746634
59.05171332358874
59.925699302790576
59.335475402766896
59.40646456492647
59.51062857915023
60.760840090000904
64.43025969700584
66.69063473970597
67.75020662107464
63.21880326423916
53.17290535771734
64.47125811461625
63.711201802973534
67.83086629075716
66.55890724812039
67.97778131190462
68.20393905766903
70.65082220285034
72.59176635658058
72.93903159311074
72.13789413417076
70.2324604352579
66.52130094842144
59.45337566695254
50.726413987715745
52.04917944454324
45.54418218066086
48.501505022556096
50.98333988930167
53.01486725156331
55.98696646546732
56.14941639756945
57.031736825433285
59.116127936524684
60.613646389224144
61.16135899346167
54.18547928222535
60.12301141381446
58.623410695470064
57.482946530852615
56.68632830978076
55.444226756893116
53.81183660327191
46.8816969695822
35.04027347047137
29.247273060245305
11.781415521371901
4.7893401341326785
0.06530082478686756
4.402627211833997
6.1866466315823185
9.108888004585843
12.659284031739576
17.72978029913344
16.29686593444247
17.286412355475264
18.959875589215134
20.698334559617066
26.464897923161555
25.406968298087772
30.692320629037543
40.26677867026241
36.936118072845204
36.560022539271216
37.55386432441699
40.51667928653934
43.91031852572952
50.8822858133023
41.66402004796118
36.242511684439215
31.21163695722057
25.714884964282987
28.134164485047446
28.580487274179347
32.777870454978725
36.80203451591414
44.533036283186256
48.94589867280336
52.11834014161993
52.7473805165102
54.642619725065565
58.57575178552614
59.47212916404604
60.71579774555941
60.37445339194052
58.11181388217008
56.06655938976763
54.406844315559745
46.463287668871814
43.25716538165341
34.52583066693388
26.741397113584426
19.574251647167582
14.457782276878191
10.142756601299304
7.729424929198248
6.522064089934576
6.27879096658078
7.7550915120818855
7.5637848228127105
13.491064962495562
21.143456362812017
29.197601709866525
41.83626135972919
62.82807442966539
71.91048996457027
75.04040529763436
75.76181117347075
75.55480625903229
75.61774259520249
76.12413345985385
77.96021663274904
78.26627757176784
77.86288114497624
67.09051307834187
66.01665127034872
61.26902573930094
51.292309417203406
38.64134460736373
20.676921081849635
18.632817683454988
8.134900343755573
1.7547008038043794
0.7294211452496101
0.9033606580644391
1.691249284042792
4.557081360671551
7.875220622808271
15.145058596105097
21.9771984788875
46.01054941772868
59.380200894761245
72.95318458634814
74.99179882005454
75.47132460936109
76.46642642064884
76.70050454915629
77.57492896330147
77.75625039427385
77.05028187944265
78.7762356306859
78.67815695599427
77.68133244534826
77.86458061611366
76.72548655238958
76.76999773487722
76.96370369306993
76.26925501571927
75.80650482706429
75.25758921898735
74.96407247671972
74.7220827028156
74.75203027084159
74.47317936872165
72.34483606693703
72.94704623503843
73.0798895973841
72.83580904208438
72.6637823212639
72.81289976282439
72.94239226130009
73.70320733688345
73.77986576443828
73.106268764101
67.50529817396406
74.58295860047625
71.28651439531548
70.61426883847662
60.63026829364768
68.33832719058826
68.02460732390911
71.01395233177077
70.08167123027921
65.77160236444024
69.5429143587873
66.82924407040323
61.57628951586548
32.81296896152603
16.53070718567478
13.511531573830254
10.312777866351109
6.3462076582751505
2.0172966744499643
9.650836447719584
9.64770982622549
9.669007748181604
9.719107575724617
9.461634248807284
9.58701200004247
8.717266828557836
7.507700921745352
7.24776946755098
8.209701215579846
9.178668059736346
11.464483331850824
13.401237980102568
13.632651582895416
15.282051461264693
16.82062266644525
20.751394347944363
26.67513631894447
31.69416105733581
35.06352269742686
39.603633732382974
40.57941228465138
35.0595598586518
32.856083962252214
