Выработка. Результирующий расчет
18.87368269607199
18.082366738502923
16.159391845312502
14.141924211168634
11.458445754317804
10.295619896418005
10.144551069676492
8.637389823269778
8.720459733079894
10.438790885319541
14.788594444949835
12.148907463097357
11.751531546072535
11.19493896173865
12.230736687537943
6.779692184138798
11.146907533961343
15.434679242799737
21.221773464576135
27.553486724282248
25.42758196683919
20.85747084167811
21.48542917881811
20.3052351805863
16.138198265888832
15.17406813538086
12.628066274864135
9.722287123098498
2.072658968313983
1.2488933308888839
1.4301433907566363
2.840972788446583
3.7691063563701386
3.7162606292557934
4.435245888646128
5.447274673543007
7.959175154243273
11.23346699395239
14.809762114203952
22.42582855454428
29.707860546674276
39.026646117895986
44.823358827571866
47.711607160097046
49.92937330255669
51.961507262515326
50.96233432779209
52.00386012465619
59.05584501612677
57.10139966840831
57.316288809442554
58.960676801329036
52.588210247543266
50.814923298812985
49.3858856196319
50.650419853123275
46.21562159476772
42.306660809699316
40.635593062092944
37.2120174048218
37.302702567658415
36.32754654453066
33.317196857245975
29.55665533965978
30.82861677713747
30.044042912521522
25.509182239877273
21.1633948277112
18.134312298220784
18.758967331982515
11.281694207471643
6.4363195037784
3.2091902352036654
1.0347636951617951
1.2760471108030669
1.2421369755967795
1.0498209057241001
0.5592366872788489
0.43856209683876807
0.42390429111342853
1.1501237433757665
1.2625978839956287
1.7068862788605617
2.1137715557869545
3.7978264616396116
6.006561573358284
7.511129997525994
7.933338397179001
7.78468231727914
7.03792449779879
6.883400999740551
6.524195535634972
6.876258761723266
6.7160379294338695
6.007929243379582
5.031496825917605
4.568390072018975
3.4755306927828764
2.486745692746896
0.49394279481666686
0.009174977602762435
0.00597085087911716
0.0910228761265115
0.2731693111062119
0.7674220501006018
1.312415049828188
1.6644896022447395
2.593757242219834
3.018184492229729
3.7817214097699585
5.7627388046214225
8.685534213206724
9.91809734834342
10.158558681462203
11.056562539667066
11.806512078325984
13.117715701309473
18.82643306438004
16.764046344517016
15.514078835065897
17.445437057371436
20.850342534881715
25.278736857043807
33.44594969089111
39.683566486143945
45.10294094891776
47.02269441022329
47.95027789512068
44.74000017742788
51.59345505527916
53.8051062373531
57.50043147575573
56.79360735630218
50.81829188751999
43.099264870609616
40.27930936528105
30.515546071709796
28.02754637773794
27.751633079548725
32.22758495438153
33.19170089947608
34.16070826409985
38.616502242783405
36.18391259136339
33.93789251360037
32.08819569390781
36.24754465706796
29.06766948150967
33.14966388113387
32.424172692553284
32.62871651869872
32.799781515979674
33.386535218624424
33.72800234918582
33.40401366586206
31.894806788973913
37.23500708209375
40.4236100756923
41.804729286691476
40.997298444163576
40.53671296313902
33.00286109956684
27.685271247805346
26.245706418918424
20.920024158468696
17.777583855997552
15.577084570397233
6.706365602920207
14.872592445634977
16.03320555577808
18.47630910380609
22.65962611723059
24.98968885677273
25.344415140533595
32.16126050007631
28.72796970246048
28.14313166802604
26.56086362131533
26.885587096456273
30.129613270167454
36.20827361866157
44.41020113453319
50.483135036851884
52.0510344599141
51.93246569474449
46.71450646079575
49.48643238456028
56.25649716021595
58.523504095529525
59.121087349238124
62.84322060545186
60.08277038706043
59.11537900749332
61.53814558985252
58.79389975576168
63.05975989044189
65.164005982917
67.08091141378154
69.18976099800165
70.32432335734468
71.80491132473252
72.18320294039697
73.0352351555929
73.54336233339795
74.78771664343441
75.79634732437638
76.71841466297818
75.90387616597056
74.56470076401934
70.8523380413816
76.01161940381655
73.42220342641272
73.49088880298636
73.34996153437291
71.73102272909176
73.05749734830668
69.01329053785817
69.4759729193628
73.93779342997499
69.67921405687636
70.87159907889604
71.91648710887438
72.49806059601576
72.71434030418793
72.75414946430502
72.4614718133496
71.95310137378773
71.58920528171446
71.0915879960502
67.96604820358577
62.62991845699846
53.846873703562025
45.24884729582338
40.62038581761273
39.9446584308131
42.51049634187211
48.26595842989579
53.24190822916141
64.11538186990109
66.45668386197447
67.79187566092241
68.67603120525511
67.67744603555496
67.15448482107908
66.94477340221202
66.97889063983239
67.38469588725759
66.67804111643815
67.13648248702196
67.51842890534802
68.1696050720311
69.9551580866557
71.22686286976254
70.41906977289624
69.69263145239674
68.39310541995123
65.82652080062718
60.20515510714798
62.67735759778215
63.471212208543776
66.63337418473613
68.72326569767758
67.04798625306753
66.67219731827511
63.1650904544658
63.63706834111532
63.836678995746006
64.2364167172699
65.23269693483087
66.1247958260482
66.68561278336257
64.64624452221031
64.35977314055607
61.4979755394088
61.63293387965309
62.34579640947584
65.18832830085644
68.05692661036163
66.6048046736903
69.49130009495914
62.63466961101538
57.49713944479813
56.1172313792416
49.359309449660486
49.3223599153171
50.341107009416575
54.90359892893497
55.387495500440366
57.85913793170785
50.96388886046621
47.04477292389927
48.91478167633696
45.9624191753659
47.76409907437588
46.54549399095143
45.53567875419198
43.59658670917818
43.59441335345868
33.241938555676164
25.996974148056843
25.603673265071595
17.012671738166663
9.514946898926642
5.167550921436795
1.5342494001362397
0.815557853398489
0.7383598295844638
0.5248881966159046
0.6594821843539141
0.5727734661909949
0.2868919180712629
0.5671550140912576
1.6635561963990937
2.1431655738664808
1.970469506820617
1.7673197509645406
1.776411144003167
1.9906637192593908
1.8606742460001315
2.718924630186669
2.928147832608918
2.6901195590952995
2.1053465796018167
1.2347472044852887
0.16283073694432063
0.005511332071388857
0.36592745440028646
0.9036396337419623
1.4582006343337177
1.3725750352173083
1.3723186624993053
1.244602583281832
2.0401725639195023
3.2496758987076
6.677048272283098
8.882213338031658
12.067070796345025
15.643334098742878
20.837018861630128
28.53257316150096
34.50790032892733
37.83577883737495
43.24084582421063
43.38368181374258
49.458295473070685
45.87038434131823
18.19929446112501
7.078428697090457
6.7640779141740195
7.5484688269927585
10.39264574383956
12.45879183931017
21.42334450525038
21.217294688924806
26.057738215138677
32.184621386711015
37.570090874149514
42.047071965928524
51.057953788671064
55.93109334008112
57.944198159884444
64.71695771953759
66.96882573504989
69.10177610460674
72.68697984360647
74.45597648824541
76.34536646546522
77.11322425189829
77.57086461115553
78.00458489254497
78.04788080717452
78.39800000115379
78.41371625759093
78.21973023326083
78.34153975440495
78.06159411760812
77.64216184842158
77.69694044667216
76.69989862913809
76.66017552588397
75.41396139153284
74.90328965534147
75.45664731691465
75.98884067897302
76.43806085321785
76.52687929356556
76.63952564145954
76.8770687265148
76.87113916996196
77.30121688086653
77.29416247870846
77.48728378291386
76.82632330806689
76.42501087716894
79.97739530974818
76.28763626563274
76.71644392572789
77.05075698454253
75.8866452011185
75.3981443431517
74.57418372581687
73.47813590135014
72.13218058723245
69.1044855680265
72.77695678198866
63.76600288231752
63.05142368360654
65.03395141858793
67.70258375706948
66.14556243621139
67.79733887408206
66.80698459046891
65.98418224645873
67.06850748869607
64.00595402860534
67.02539465030526
68.72703685147432
69.79807751378402
71.29476441534949
72.35729873397081
72.76086634615719
72.34236224585996
71.15666362048255
68.95386586861535
66.82149353541375
64.04746217929122
61.6771325843197
56.842841384904304
53.1770246825065
52.81718751175272
53.33213569870469
58.220357852136736
60.96117995991476
61.26904982656076
61.54421680878772
60.94446968152099
62.552771969013136
57.560208570452225
55.35311152383201
55.10096256500728
57.68828252440553
60.44800787378905
64.08900574675683
59.80745828640681
48.60832804489832
49.028092000869776
46.292309914919926
43.05879841669599
38.81881687630697
31.722938967925735
23.987810847847967
17.95153175295649
18.537054589810047
18.8981820590619
30.773128427141614
33.758814526655534
32.24981630424939
30.816315175229473
32.02956085875958
28.375684864320693
42.69636916666413
49.16786414485912
44.262201531568195
43.17511584805879
39.183534696766756
34.823636600747804
28.34126131013622
21.84899519557683
13.389664136077032
8.24052377782374
3.520130533361446
2.0206001766898263
1.3702285109701804
0.005320733451784285
0.0023868294853816923
0.0
0.12810942370757397
0.46511856213933916
1.4040717796314472
3.159511184076241
4.618414742768468
6.165657092945521
7.572790757872656
10.979917049491016
13.174412999966197
15.77236542026194
18.583122982532167
20.74703107811597
19.27495044341662
15.023434115913728
10.89981901676775
8.417786024905629
6.3106282072039495
4.651387239973284
3.5235640438322653
2.636042601844066
2.684794986615677
2.5371215314132214
3.753414530366599
5.582912624149607
6.945489534271769
8.110761665934584
11.9234257609899
15.891309305528132
17.94489146556337
19.73360154057747
19.57655232284394
15.222690888610417
11.746326363505053
6.905451636427753
3.494166346138741
1.7037029718319157
0.3555652501179757
0.3061122489154715
0.5280633633096996
0.6878251868659703
1.0405020442569504
1.6409969218166127
3.1226104274722273
6.141633935204959
9.794499925915675
14.290355948723477
20.063295081781856
27.26470111239919
34.930025198660495
40.343138819872294
44.18087093320406
40.59768867375277
43.128902197075966
28.070872225052327
27.19702799079796
28.62393313775401
29.23028754724187
25.58546426453342
30.579045195735205
27.252768862215387
27.751392078299606
31.37948035465016
28.532432909751876
26.92936176655928
27.54671691115277
23.12424659637765
24.422620311418473
26.78028172174797
29.052383621403717
32.40570113750286
34.07990197037464
36.840472307269536
36.251294136785994
35.397110803824326
32.78833555158737
29.334240903288165
26.052741828710474
18.143513966438366
12.280229866888295
5.438914457659982
3.4141401874133126
0.28084267375034283
0.016593236576176472
0.8185980647282506
1.5187717539442724
2.2132655782468844
3.1140324605858396
5.102328677417729
7.787657217972271
10.44070798038452
12.016443115939689
12.206069994225826
13.204558159800236
14.824789784223125
19.781819190466887
23.563270215464872
29.96821015065592
30.437200257995123
32.40319278743243
31.70378748333285
19.11300538052848
12.764385061822994
8.850240245724077
5.413291219005476
4.269444537056652
5.7353206599564075
6.548575877149686
7.407230102595198
9.390284562369672
11.512709533873487
12.093245244673133
12.543076649160678
13.156186480841104
14.787147850415378
17.144199453507355
19.625317202028384
25.31354771241928
30.975987028791728
37.85383385548001
41.60575977380454
43.2190192610062
44.52701363715401
51.4178344227658
56.50046813870842
61.56102716553024
63.74141311157109
66.68759940502903
66.75514359835114
67.39545933790626
69.40962899762935
73.14946153714774
75.51542638505904
75.72790852844757
76.20758987332997
77.29481053432686
77.8772791185959
78.35998113689278
78.34846220590407
78.23374413866271
77.98839485390538
77.23940215278682
76.82351047700243
76.89125473740441
72.54959828751831
70.66733610778991
68.48105731197454
65.31038613842394
62.32800029996708
57.25865006617347
55.491377666452955
51.64324568446284
42.891147246927005
36.522686491980295
29.573700067203262
23.848126920900665
17.71584035046088
12.850596106786462
11.320138089912593
11.685070365741929
13.323765707464855
16.60971164289015
17.067905142418653
20.504768594502373
25.300269569856905
27.315129401474707
27.646256248973756
26.6656418753031
29.436946339884503
29.689397143204165
30.205376422194377
38.13641930074478
39.150390453791154
36.28762486884235
29.80986707659148
39.21246532180811
39.104059155887285
46.15207556194816
50.268518605837826
44.559244586047576
40.57570649803049
38.03796759076973
30.921607739782434
28.258408337201825
20.580416258631242
17.721036041456376
15.625075668520333
17.353393541877413
21.926171765574342
34.79673646678078
37.83004524261944
47.66289131070855
60.72176214098408
66.24895076167176
69.97492964501878
73.51322444207554
76.19432119065945
75.90653367140528
76.21705576743493
67.97080766070671
72.25197667104302
60.41507052157745
49.07635998621491
36.00062299812683
26.29270755879263
17.13275949370524
10.425338435038206
5.345900809029728
2.651910957567396
2.7076784032699557
1.8118413514057843
2.147422809118002
2.925805364056856
4.528582825460458
6.813605848238528
9.589975989275992
13.858772647582118
16.771890971822362
19.94697342529379
26.512266035043737
28.432974126413413
44.53360795113421
42.76506695943243
35.76871623029164
29.185766105119274
23.14322328995454
15.141038036144847
8.736145131019644
4.832945915041264
2.0329739926803887
0.12839441813674046
0.009133541452797355
0.002670148773870774
0.8569665900488007
4.267998414012409
8.87320292522234
12.140484261585165
17.501027478030306
24.18877377834081
26.400247312756466
30.456389914401274
34.180331216532
37.140619676591804
38.53977319569916
41.360914451248995
43.73439673582247
45.72372001327243
48.089272074021494
49.20762754742913
50.45964434944557
51.377347658990445
53.038229983488364
54.2667406003092
58.61757508957382
57.832995428019125
58.15071543841555
58.13166202534866
58.75508345436866
59.20409367401182
61.8767829486098
60.439437803259736
61.69483740923172
61.55978123903092
64.74737667345877
64.56616760152342
64.72335039527745
63.01250738923206
64.27578434489102
64.49161584177682
65.05822842186008
67.4713709591836
68.22512563798824
67.4997766695289
67.32905107426149
65.41358057775255
62.85480673865356
61.612620654832455
60.421236582836784
59.230172816139145
57.45609283721323
56.4280537434915
55.51887917395924
58.016445969083165
58.2260438733757
60.713859158308786
61.807752394166556
62.35257963222841
61.52473100861103
59.897749658615766
57.61866537222829
56.08607125762566
47.562367497522644
25.646089129272813
16.41105508950557
15.400985309871308
16.134965040559273
16.627520727372087
16.342044012415514
15.924830124907473
17.50180274427784
21.46368705553732
24.71635971965312
28.93874758299567
33.13262812575394
36.798115446947456
40.73792895743421
47.46200343059216
53.59505096604787
54.767938763318966
53.01955598569807
57.277054690338225
62.91255067296588
60.34954666492388
45.204646881121285
34.465600259803054
20.023685851853138
5.948567340536315
6.485425440759671
6.44251893175926
5.4336774465560955
4.963801009467487
5.174006392867992
7.834213727948638
8.11943036505229
11.409184708246249
12.59316943880109
17.121165496036955
24.645234920121084
35.886303378826796
45.954290337426166
51.38694168321588
53.17073477452967
52.885430813802095
48.32776633269787
38.71724134227176
25.406512034015034
22.77314484137332
13.714497614703092
7.962593492861463
5.510630530110489
4.31238564033123
7.510964406390886
10.830896327397868
10.698221317385324
10.129081824463189
8.077726268007556
8.507513069552276
4.4705530707129375
3.7916414198043316
2.839522915374459
2.4319604004181845
1.3582294040353347
1.38923112551664
1.6448562208533706
1.7309433848830966
1.6256591844622414
1.505775046357392
1.0924182064574148
0.9646062257799488
0.03675375687750715
0.0023079181750549145
0.0035857990548978378
0.004950159283625171
0.002915920449247295
0.006885362586836336
1.6741430578347367
0.12211775712136434
0.7013200587458015
2.259926938231072
3.514093728254512
4.7989202685584615
7.214139665482186
10.982978276676466
15.12691025514918
20.98313523751655
27.869857619603398
32.43394021910619
33.905432306901226
39.068254611261196
41.8817049434463
46.19883407501561
56.398618493646715
61.84727299445339
67.40260293012618
76.12355442224334
70.9541369156482
71.92983807643353
73.7284631584749
73.94263082104277
73.82873846146083
73.06613742903792
72.8080767509411
72.20675888634776
71.16513409788232
70.61239427920245
70.4806198657536
70.37547489702347
70.40581191981073
70.54583162974833
70.50753465390763
70.24127951383119
70.05375413355983
69.80263649852353
69.06526644499107
66.55504966554379
66.46555264629754
63.386732481432496
59.73398717974485
56.72879985938116
54.34790582323585
50.92002974686873
52.67814212391863
48.118607368375855
43.63323497415227
37.101431294826405
35.47823204037975
37.571814180014115
42.373403687518056
50.73082489144455
54.56041273362746
52.81130437280078
55.811580288488095
59.625722957940006
56.92766502552586
49.255864412144014
44.036465872537114
38.643641007842106
42.8928999459464
39.64658193661263
51.56646793042203
49.0302636631699
43.98484252589044
34.02388887041685
12.78364185158475
8.160136417112714
5.031952506335361
1.6519390706820354
0.46779137961667555
2.4560726842528737
2.754119929204537
1.1143230113412022
0.9818816016123161
1.127275288341463
1.1433660625942277
1.6618970564975921
1.7640731956402425
4.225216802555795
11.88088622058277
19.363687369973334
34.960235472659136
47.246738175099615
56.07129601293124
63.42043377538219
70.30259011080932
73.53607927126527
74.57836271021577
75.2259340444401
75.14890665335498
74.540119906503
74.09838613596287
73.66485520696916
73.8422192083287
76.60884875889406
74.39434473303821
72.72191404794657
69.08171635609078
67.72333279205371
64.49929461399964
63.318058930894736
53.9847078315455
60.96770811733387
62.699116467202515
57.49302627824949
60.657198190858054
64.92363453278406
68.85032515250637
70.96624260611965
73.35557326534989
73.79676933907442
73.1462044363268
74.62762260887911
74.9252266813466
74.46557737512533
73.89168361914543
72.46988365535998
70.12554260300261
68.5488655634168
68.65543721370886
65.80905924749152
64.409361522942
61.1096737801365
61.30121018833477
59.7013591631235
58.353525512666906
63.03977204637026
60.304479352233656
62.10039275298201
63.17857308539707
65.75974850253881
66.57805815176344
65.1463988247847
65.25354842559176
62.20208124771827
58.50229760438644
51.049378849229996
51.20962637046131
42.70024288947146
37.97041980482275
30.23081542709231
27.379740484802177
21.27096626561164
16.027436889554032
16.164043158900284
10.19189759446862
7.866263572260025
6.170156185350461
4.7782589487315885
4.061640781068692
2.740925155819644
2.0403813311020222
1.9039958300935527
2.510499580577707
3.5797843115614874
5.250417533258481
10.345701856837705
16.163716109216782
23.510756347569295
31.067333178616526
37.51523359248645
48.359132012096794
58.70620167831683
65.16153704008138
71.07844641056967
73.35004106319464
73.21925093632865
73.52339002582424
73.77641389768252
74.55497187381489
75.45313705839419
75.86227223156996
76.06731805094991
75.89873932734533
73.52239928078838
75.82076599762513
73.3059741459646
74.16651440597036
74.68152275825919
74.78639938087933
74.80493715393467
73.19918007534983
73.71404199830066
62.86473730275246
49.33666316394507
35.691033053872694
17.182765750570525
7.53851734508194
1.727477178601216
0.468902701047858
0.3882540728150657
0.47865619855604685
12.037918682321962
14.128936360747812
16.290007238203522
19.076403774412668
25.335264205901964
32.370859636788396
33.45513987697161
37.061163316067066
39.071040416518386
41.21662352494274
48.92486274443352
50.34255184856747
46.77293705240367
58.23817563903546
59.34649079815066
59.545889789609156
57.647906555424136
57.60760303906694
60.28286408284681
61.82087007450892
66.48017124816559
64.59242930320328
54.1969400150919
57.992494651100245
60.474535510722276
58.13245549472996
64.65225330437937
66.97112290926005
70.73864474470336
73.91499508909764
70.72332770519694
71.79162050719275
75.08337630525668
68.1222441359888
65.7722896652477
60.555294755500114
59.61749966615701
59.66163183661192
60.95896198242158
62.16004521303047
60.408635657249974
59.980833573063364
54.21085657045888
48.12682039663657
47.003365404480576
42.35536009855379
48.3996718191359
53.91781408063677
60.8682373818966
65.53560827352483
67.43066597213183
69.86538790316706
71.42241393411098
73.51818460128776
71.71990478837569
71.51791448886905
69.69536686849162
68.67188850420071
70.6669888946957
67.2689679715718
66.68263999206482
66.32156887002041
65.817008061497
65.1002739570997
65.6249265800607
68.75663499538896
65.19364409976802
56.7578616512763
37.502772168517154
35.16895705168023
34.994213222589266
38.8387411300481
41.60848140291454
39.58135454644969
41.792936244023984
33.590181702076634
26.034302379450754
23.37177540399186
20.68217711165918
17.724410941833565
13.942858312411726
15.907981229766879
14.50222836776771
14.544568572939095
15.087696536759765
15.443907257948203
15.614642601503846
16.452143644957772
19.24304223773979
23.400568102768055
18.49170549473337
15.771808707846677
14.024890813763372
15.518230199998275
18.588572378136526
21.534579979610285
24.2108958288308
34.07312756837131
39.40627799074538
45.8877992101664
53.61979424510116
50.128513149211386
50.30742500596407
51.34853207446101
51.129458254188464
44.894258214023665
33.655339953397046
29.505558196812675
13.005858536600307
12.143318268346562
8.628169874218385
4.605288077257367
2.3839084648653226
0.06023912884873303
0.0019220880913135186
0.00041193588566124876
0.00483368805878821
0.0034506061622066463
0.0054744067614356465
0.014996416363902967
2.5832197341598078
0.048171634815187915
0.6332591770489493
0.00409410347349991
0.0025294631527466908
0.003075823942060259
0.4506620112104509
0.0049749508465652525
2.011589171263731
2.354709315515976
3.9621179934451622
5.5760342022293745
8.669866775382262
12.339142483055111
16.645589303627304
24.263428495830595
30.858679838614155
36.92001224947725
44.07880631667684
50.12959881919874
45.63556873941507
48.88423692926328
43.06043310890983
44.87953723904344
43.13348768247582
35.99163511522449
41.94096284224125
39.7808724860544
48.281912533411
49.2947455011669
48.062144015350185
43.87159344239968
40.94852892347751
35.5113295239763
33.72962213998418
34.14080749879186
34.39134686514206
39.78602403850228
40.398401755574135
40.21616652256278
42.49634466398742
45.896193566360786
49.493221306903656
52.07605370956495
53.43908638996863
51.44056373204861
45.11913233142643
35.616860484769305
24.507900077297222
14.311538090933382
6.5920529422518745
0.014741222104778887
3.43841560516105
3.8857357334374156
4.351482651920108
5.161626889937112
7.041480494552607
9.729625462799616
14.785286569499288
18.7263611411369
23.735893414596045
29.637533184365292
27.892917483299197
31.820221109609154
28.664130310409487
30.453768955886172
25.44547783072639
20.090987948562066
18.32369805183261
17.70187225947328
23.608611480210513
26.92071180339918
32.746155175482464
35.88623784959299
41.553676731727684
51.346831161995844
55.281299071951075
59.23048050717853
61.97186870716912
65.087973164906
66.99376903892151
67.7267745456541
72.49497153990065
71.35953775088885
70.39556691820557
69.498658186123
69.67524006840681
70.19382190982535
70.4746324619094
70.58283819935335
70.50773020247425
70.40635502117382
70.62393493796901
71.02856211519175
71.41167515981559
71.66530942334359
72.09087399443602
72.09480603985035
72.36957376999243
73.93420847717442
72.18361234426536
72.09836724740363
71.22914187215144
71.96165945104885
72.00800742710649
70.9386883239461
71.30213681374512
68.97019753297239
68.114137139123
69.73442834576059
69.66600240335363
69.5977723203256
70.77124096856716
68.74398310625078
67.15425251467512
62.81495501515618
57.78608568936676
57.40496736050912
50.56112204696125
49.24737133251658
43.37758000532614
51.63849261106007
52.42391051897256
53.176719045793355
53.3089458526622
53.045866615789784
52.23590372510703
51.03576540538951
50.17726796429221
47.83580508096734
43.782866736617066
42.20870916175024
38.17668456628554
35.18634094441045
30.215988016413853
22.13326969503124
18.435939658999327
13.905891010741211
9.731000950377075
5.946200919055875
3.2446400014681345
0.6720196844184935
0.016727185901003336
2.3667646369188833
3.0118328986699017
2.6854352637137198
2.509043714013368
2.7011904695311966
2.7407723387358804
3.5088555041440728
3.0629611762489053
2.941014951175293
2.611304903910959
2.323341389784049
2.646923600516523
2.4902417096558653
2.5224360963943755
2.904109462716763
3.5790323654865173
4.273883244017795
5.621514680984177
6.512938665137128
6.576879792487035
9.171511308207075
9.582704718625838
11.296025667622054
12.925834078907382
16.249855547924874
25.812454232023903
32.97494151980132
42.873477250792895
43.60844477700613
47.194456632098
52.837014658693626
53.96765401673138
56.46852284539448
57.3475731073933
60.578478580738334
60.701907077864284
61.6746157248236
65.66826574471983
67.20039125820892
67.58244798491872
67.80887951731064
69.96813536773783
69.57772891921282
68.50911222262782
66.74779456618268
64.79375773077885
62.92330858820385
61.43808948164273
58.00600255506125
57.4622284924472
54.011520918824026
47.69034283569008
49.82083566642437
42.990548844056924
39.39623718320094
31.66006199197725
23.929069290613743
19.740630529676597
11.667378284260197
8.72836715511038
6.656220435234856
5.548975110061273
5.844179610503627
6.48401054799177
7.771548282429784
6.879174055904517
7.1857889693457375
8.331669572025449
10.258796554552282
10.984455209777748
11.371508219182786
11.738006424258536
12.505399682912143
13.550381237812394
13.601489763101837
13.149491836566096
13.641068084065651
12.621349482214118
13.84552339317353
17.789462742865805
22.556132097459503
31.33473330082126
35.782564975171454
42.389772166326594
58.7538008153459
61.72490144894727
63.31497223983361
67.72248779436745
70.43398329237621
71.91599256223691
71.8719553181217
71.59146318033392
70.04727796308215
61.91896360211704
69.04631172646151
71.74156407356843
65.668891174222
64.2854358790966
61.90570243993859
59.94714421469165
60.04804017694215
61.916415436423016
64.26984758786527
65.42872590641413
67.31678076077182
64.28975429868241
61.990859856416655
60.61188553116534
60.11163892109304
51.57721962890169
57.9403457598891
58.432166976024924
63.17952404417558
51.08134447408182
51.29090482839417
44.42580009128065
58.29059996104652
51.334740483714974
58.173016620819354
56.414151326668424
57.15110776507573
54.57180843140771
58.507620677052486
54.45529572951687
51.39919728842967
57.63215905099425
58.15785723651031
58.87713213958097
59.28791322942084
61.313999394410686
62.98438226352675
63.00123942497779
66.38648030011157
68.05753950664202
67.1561287112377
66.0761629466616
66.8216122480636
58.22126256275354
48.120218639138045
33.17892920747977
20.43856989226614
14.911669691109825
13.907900850331115
12.072780348045129
13.3096631936952
13.562767505978167
15.050171937367509
18.569424301638563
18.62406121002846
29.025691006276244
37.94713639368017
34.78520432124811
33.73696360871347
36.46736426207917
47.705583014936124
53.80394476526756
55.714962301630834
56.57432741309373
55.861737570795036
55.86583617749299
55.37025979253106
53.74181461927189
51.03087581848117
42.72444978831523
39.683945353865965
37.00713563045896
38.72706886705076
40.27319474317389
41.119304283549354
41.11339510375416
42.590798276962914
48.37525208090887
45.583018005911214
37.76731938014204
47.4737706759702
46.201086433833794
45.65288210184955
49.17990992787391
37.70068698052789
44.87028418378185
51.26273442040546
54.49271005147104
59.84475606085161
61.10789624936691
63.046226918192886
67.18156400016777
69.6847897553107
70.1006718404873
62.62113442954254
70.20197639384058
69.8695083437247
70.49072137263866
74.49183604777863
75.53232939376646
76.34316041949866
76.25688869011935
76.95528010223205
76.74708140299151
77.0254308938628
77.23768826678287
77.09405918179444
76.8131470824013
76.51902187417939
76.33447859795153
76.44522276823488
76.61108852202292
76.73197832574876
77.07997110150667
76.66049909311117
75.31028348041919
73.06148284510236
70.4229690960335
66.85637501599405
65.74877931121014
63.72353628431349
62.71177584625551
60.56985529944742
59.307606729105544
57.93248543259961
50.827603478326914
55.29418720597998
50.74890682146427
51.57023774910246
47.152308672673215
42.90131017261902
36.18914987415738
33.895144578149996
30.08166691547154
28.0166739679315
25.718765442857958
20.66452711271807
14.710571745843824
21.396253635811526
18.40442056185152
15.02540670127877
12.492103255852399
9.616587754934269
7.410156498498267
7.198213552667567
7.49118886818044
7.220311509462069
9.67544492839689
10.607077176390531
12.599246580635892
15.781595700074094
18.933169560737376
25.215539088579494
16.63224796292406
26.194998284474142
26.245048741157895
27.435282157572285
29.17458594792919
32.65239874510482
36.107759304637526
38.78389846931986
43.877306069837594
47.64222533506278
49.214808146336075
50.014563329040705
50.73917072343126
49.006356906312455
50.11248044684245
50.14066177781203
51.00369531569126
51.3708951834203
52.61301224688785
52.61011774948717
54.7371075021383
55.35880633549772
55.8855045913949
57.61291273335315
58.11704861941157
56.83833265109395
56.81194261577924
57.15068132552361
57.80722785190233
59.22530069063207
59.88993191034548
63.291870304947295
59.99362535174656
60.074464154172055
59.91094742278503
61.24042272562273
59.96072414504397
56.29466813209759
56.35000406728924
56.83247293514287
57.57431829938049
59.72050222155779
61.22119413232928
61.55662735129582
62.119503321228315
64.71022524647077
66.98023154807275
69.02960130582622
69.74928983020182
69.95450643918126
69.20267661842189
66.22970529794468
64.35793166422923
62.6635994422435
57.74537138353457
53.5371220968235
51.8179829803689
49.585536796603336
44.79574210057648
40.263922380589925
32.100267234063445
27.146562289305695
21.402375082429117
16.57158060528284
13.435660364362485
11.846055028988825
12.06198928521477
13.133007087560701
12.460227609546529
9.822570304678953
5.6919409676027035
3.245390260617391
1.0881771731520142
1.727789418189977
2.99518143621273
7.829408855740953
7.238091473760438
19.04791087964436
34.89240691081648
36.611950820968566
46.581176773137486
51.85751755145467
54.935493463141
57.22348626914751
56.8208019730286
55.283627820963126
50.90936243835732
43.93783490188891
33.385555205240934
27.595793761863355
22.268335562021182
17.14995622423242
15.38741385057626
14.334579998991693
12.980581458627487
9.351442285304694
7.8861815777934545
6.11413333662667
5.6006660376743005
4.342772693730706
3.8158935070825444
3.3789791412701984
4.119881357747722
5.170749322600721
6.970714132663765
8.043294451708064
8.471996386468858
8.36819273947423
7.229494260384554
6.136272375567545
5.388019090029143
3.966766199330851
3.809851937901638
3.2455296809020044
2.1839539657901024
0.3715102265263504
0.2192475929939421
0.005902159026790895
0.1607720032892378
1.9508364292825027
3.335194725340556
6.834742585891354
10.162984880086679
14.449268991829625
19.358037262553054
24.282504193118122
29.561124765615013
34.74491320475572
40.36815263524797
45.812471127078055
48.67577945014961
50.76537799596355
54.13692530287267
50.99008231940524
53.02966470056746
50.97891754425292
56.03642836769802
59.1254040485984
62.50995513795483
65.0442950069585
66.98873018224288
68.20044043316062
68.9113463301522
69.77070080753269
70.51791773930945
71.56376983971488
72.69717805742596
75.14643838092094
73.88716186188896
73.58463002112066
73.96367817778342
74.29236602391313
74.67867032088154
75.05007070436392
75.06667289685906
74.80013645529749
73.93554293574616
72.68318204896593
71.27178804124215
69.7278369700761
69.18161904262703
68.98717518168706
69.56855659073194
69.94354430335842
71.46286037514358
71.9295480303706
71.77689999632844
71.55132713225211
70.83105799280101
70.30430573792046
70.23016873068052
70.19597022798217
70.26094548319008
71.92818452204097
73.24510946803782
74.11358735993177
74.73225726246545
74.70386109272903
74.78175685510342
74.46650403072637
73.52213692520888
70.99249208031343
70.39680947884334
69.9074441517442
69.25043575610705
68.70696446673222
68.01572486567545
67.8442235172484
68.65061884062969
68.7534478431376
68.48567584169732
71.53089300932753
67.55378573568325
67.5445609063154
67.61476049206271
73.07277014291118
65.75153967682189
65.95465608166882
67.86513489768198
70.27939080015386
70.53270506302077
70.2256225265559
68.93652507780436
66.2492997367176
63.656658920225745
61.98681336701693
65.25036706038519
67.31885046033167
68.54032717143765
69.87801393050556
67.29723896008906
60.250335406408574
60.118263738365584
55.981212573791616
53.34813306772391
53.71765327747634
43.74325964165476
34.21983260557226
24.860736964361145
18.818506460781883
7.9289761375466155
3.860445187652027
1.521689703693002
0.664134784937324
0.6782871193756728
0.8756462354119785
1.7592565884082367
2.0542226426695707
3.120453663544347
4.255671032152855
5.802429761045485
9.383468138522423
19.025983997199596
24.1790551813389
36.60558934852216
41.59982108051474
40.562653869621286
39.607543728723826
40.63259685091883
34.34525318177432
32.41274091008373
24.499969288107867
16.97145110175379
8.32005376847967
3.380303484169965
0.6345476925876078
0.1903030471747386
0.16487481944018217
0.40917773495461
0.9653046908794057
1.519472314545324
3.2566361828352566
4.649155322987898
6.386250033811493
10.397593753069774
12.077904778758109
3.9009363583409224
10.162921367279987
10.11016706159485
9.26108149836952
6.634959822391635
3.9733969534817954
2.2941915170273255
0.5065923167283559
0.23283245914115078
0.2870130562805038
0.8687120687369791
1.6915106723613027
3.053832736265066
4.363083637722635
5.355141315275579
7.255053809473972
8.118006717345185
8.506702756191213
7.752642927136909
6.878757691950839
5.69701231002347
5.534767379366071
5.68780628216108
5.3622261487190634
5.6034414349674835
6.475768248289189
7.239137883120848
8.36122182494802
10.74387904528622
11.204384029288226
13.232842302553118
14.782159601344247
15.410629495238894
17.590013491171884
19.184693183166246
18.21535343191536
18.005925695195014
17.892780635221488
18.018740154982417
17.28743995394913
17.535981220445333
16.792434538267173
14.477507620302493
12.92867296251638
13.36590854389127
13.778872580609992
13.15861297475924
12.083490448523328
11.661476670747497
9.468836477583094
10.042500780236386
5.90431381939456
5.85189553364039
5.91835752221239
6.448978439917445
6.4001818288852474
6.433089676215117
6.674471078640649
8.938870973835733
12.375531642066319
16.516700159781227
22.762228909858553
33.71690281810116
43.35746128700426
59.74444872886266
68.81499191713964
71.87547216541441
73.95340420236522
73.6231681131883
73.06186960676247
73.82381865642432
74.1607895113155
74.47242456875543
76.68680749309782
74.18507818327268
72.9027105841015
70.27292757308761
68.65155537515913
70.0678607841842
66.74770784473856
64.03909861609445
64.48391926979629
68.6241285302015
66.81970812249996
68.48403914834255
69.88228089949045
71.06812993453478
71.19674302956662
70.04117889005656
68.13282808927171
53.41149733529329
38.495023749600506
38.124225732286625
34.481725612698845
33.41618177253386
34.230119329169284
28.93520094679063
30.074203184930152
28.823355555883317
24.34361617519265
20.433543954059022
18.262521672204162
16.982452326891732
13.076447289747186
8.37230019773247
6.069487368074387
0.01651438723977353
0.016472960434968407
7.5610484952531385
11.676520214744201
23.458513169845833
26.23989507040668
33.946971535356255
37.5787144770703
45.29582305673502
48.602252350984685
53.5576402783853
52.97025061009984
59.01802782027701
59.92582517322227
59.38028125103949
59.47662678203761
59.50426221248364
60.78081917000341
64.40907671067312
66.68668997304448
67.75823045988454
62.887589141794685
52.89360942837862
64.48829243530105
63.74812548436435
67.85690028932558
66.55535577545723
67.9858518510253
68.20731424100786
70.64446837567864
72.58651298224189
72.93253907299548
72.13093918878879
70.22923299519839
66.51851843366424
59.42130633849791
50.676557604697045
51.609558577584096
45.492457066713456
48.352373814700805
50.938477055500684
53.04200768456796
55.96873791795974
56.13223070069636
57.0357225510605
59.11561286682469
60.615420334387174
61.16280009332458
53.986318961957664
60.12966027559431
58.654605120766654
57.50538509788269
56.661729026551114
55.43263234190697
53.800722127722345
46.806105088152684
34.960921940123164
29.07592373033833
11.684825442504954
4.7724605123402855
0.20294042574631302
4.373174890517536
6.122167283922502
9.0816941006691
12.663481312104452
17.621374654450836
16.2049943698394
17.239746422947018
18.979455447361495
20.73894445745095
26.717912065945495
25.35462671056157
30.498745828568843
40.2841981248066
36.73520815848308
36.79384277542509
37.65218140262073
40.537234176696195
43.9242299887589
50.94527284994728
41.70766578064916
36.2384865437502
31.202236747221402
25.659240036931006
27.811061816738018
28.620464514563448
33.13862530427425
37.051682013320615
44.794201517068274
49.182268656037564
52.245104582778254
52.7862014001949
54.65267166508677
58.54354868311774
59.45324168510543
60.709834029520785
60.35754710644246
58.13801416522942
56.08950022691402
54.446347430478276
46.40932830671566
43.36998117560318
34.60843390208032
26.770404702150273
19.59382695132247
14.459206313129185
10.100179038598721
7.71605973169632
6.477379511649628
6.228739538044831
7.704865113382798
7.646049337940426
13.295036161312748
21.041869473219535
29.107313948805466
41.62018388507963
62.750929726707646
71.89516802879373
75.03612600730995
75.76188477608031
75.54996775923081
75.613393043658
76.11825860346303
77.95621436118473
78.26323909799014
77.86639912526806
67.09480806357406
66.02094387340838
61.26588768309028
51.34118470468961
38.78478040879646
20.689764348484342
18.40453554312524
8.108394463972369
1.766281783319054
0.7280389596934058
0.913659626054603
1.6853132620532685
4.542418412877741
7.920701302935042
14.995609466677674
21.776093622567736
45.623739049836495
59.115711541118095
72.93706696155174
74.98698716371777
75.46363918811518
76.46210342281276
76.69886625311841
77.5742402256538
77.7538956761757
77.04638765845833
78.77848117652549
78.67927856511409
77.68434765634883
77.86647647916297
76.72726986244317
76.77269631479254
76.96578979364655
76.27051377510352
75.80977271872042
75.26241415999274
74.96912471784654
74.72783228650216
74.7548805877754
74.47656140285845
72.34337605767662
72.9500748294052
73.0816780990417
72.8344966737421
72.66080651202111
72.81331025971708
72.93912232134237
73.69903795640539
73.77462796733141
73.10587370460351
67.4904749128493
74.5826954407061
71.29069582200555
70.62328461840923
60.61348632602694
68.37076430379875
68.07829051489051
71.02196715541218
70.07776442759705
65.7315723456011
69.54514404908652
66.83865065444634
61.60183611066528
32.83562256464575
16.548054044091568
13.689454337921521
10.259314803828582
6.193604837642839
1.777186585815148
9.46893097992291
9.56664100768077
9.630872740367385
9.717031444506322
9.467248675612622
9.5882915589768
8.738938299573107
7.535473493840764
7.206159118784724
8.09982051333916
9.062736835241356
11.492876356795698
13.518173275924614
13.473899974044354
15.330954056931592
16.813954841047867
20.744616264433684
26.602581386673396
31.29825725192768
34.74476592518804
39.40624833556293
40.55977924635169
34.81991620420905
32.91599638617237
