Выработка. Результирующий расчет
19.45546114943867
16.92964327231712
16.719544093433967
14.689775801425336
12.19495834551361
11.22644256439364
0.0
8.596492311127527
8.634572631105137
10.88185928317462
14.232675004944348
11.231393457608627
11.444068172800248
10.72238913533014
12.332316212513437
7.569044792356822
11.68752157768563
15.61271845344154
21.76819841441509
27.08094565430908
27.737168727977657
21.061478032866745
20.80018988509845
23.30850677598577
17.916783650906158
16.930495155484664
12.677028475085343
9.482932528862454
2.8704918974690257
4.773553064195269
8.382295747543271
2.944815200879939
4.116100743756298
3.667111292635002
4.468907442145412
5.582850504707792
8.539398478530684
13.864856422929114
15.22181685408261
23.43563620106904
30.730575483503333
39.15736520223623
43.079569741151744
45.70352855491658
48.46256872953691
50.624702146848094
49.78978624387937
52.82060481015898
57.92746359108658
57.57105906661438
57.203326939203606
57.80695650452732
47.639215309459175
51.03364331654301
47.58457311678461
49.08387797492997
43.2327463657278
42.52087102268186
42.56163150171602
37.49023816096484
36.251849278970106
34.376808449301365
31.669188367925702
31.72190825298641
29.678008673157528
29.47560746559647
25.42002965160474
20.96888005251072
17.953525354175362
16.366447853171024
3.967015307003129
10.723113564833133
1.75488724907065
1.0841477483007549
0.3277514368612936
1.7653152516117527
1.356931269644824
1.142014734777523
0.6766480919713426
0.7279404227396356
1.3479691263661244
1.3955509698051214
1.651454688993842
1.8801313975666467
3.508768854787069
5.946172495864167
7.348798923426093
8.257078455855531
7.82739503281069
6.984245669829951
6.727644239788342
7.078575085647511
7.234568768491024
7.012847189280697
6.351639407912793
4.91611037596568
4.636995742105746
3.611092614351299
2.4506604038405984
0.871480937619993
0.4111614186562661
0.2367349998272371
0.2628462547296776
0.2655780434888105
0.7846999423769935
1.2134942137672369
1.1083570099163311
2.2824769031666032
2.953514867994252
3.9702594993334905
5.840028616873167
8.62541467270488
9.806678565530046
10.027459035777245
10.809875058485623
11.586162413654453
12.63265796568088
17.868004782954042
23.03354267605754
22.32286548689784
16.836147102263745
23.188524677201947
22.79433747746353
26.979182912885985
37.016494014042934
44.27992082931747
47.550131293816
46.61400662740587
43.59843159417606
49.60825415251563
53.28665527880375
55.20600348335157
57.37717025449739
51.43374292479556
43.20983404375773
39.84178591582234
30.878955312350804
28.495287463201645
28.48630877547124
34.751136324755535
33.684073080132066
35.56590470212196
39.93347939274197
36.5829707599019
35.158020263615555
33.620046498048595
33.078523556262375
30.309430379787024
34.370521113328046
37.17432042214772
33.06681741280575
34.30556035676861
33.72099830725006
34.17374508831659
33.88201729899154
31.916622291709587
37.57664186956217
40.48786893966957
39.120796657827086
39.80627914107637
39.357355038411285
26.122830496964365
27.550381078538976
25.94978454696824
20.66763405320136
18.877943995404028
15.673964504503417
10.05526409278006
14.716511206775516
16.717302591328284
16.561489041021467
22.653284685259845
25.21446889437545
24.50008133098011
30.72082216672812
27.9827099782337
28.74082937005177
26.8254856294831
27.301376447976523
30.303166644853693
35.55011336004532
44.56499915098113
50.55047793627077
51.67944497024539
50.02348751518464
46.80347860187876
49.42467937021502
56.512516160166
58.72157952158542
59.38207974981981
62.790739568760245
58.62337483830718
59.331750197349145
60.97861970798112
61.339483981384014
64.12067471808469
66.197703749265
66.95261409455249
69.14661596075815
70.13912980978728
71.58830695015078
71.81061361627835
72.7562485843148
73.00667485470214
74.73367216480752
75.84343668334147
76.48422867896568
75.8850083209898
74.39897873478515
71.16317066149006
75.73350923612466
73.50858036444505
73.26946475337098
73.26342060112299
71.73920975837571
71.18388448047418
69.86376054602792
69.96065480255382
73.26703866465394
69.38572782731588
70.42187600151463
71.87001520958235
72.05709819265181
72.35565816566515
72.57507527009653
72.48462101418016
71.65550673275112
71.33667557632758
70.95669382595754
67.7719273446147
62.34882877675771
53.45661886803507
45.2498416781114
48.74995562768864
46.969919245690235
39.831534036848
50.923595956120906
56.86625156843679
64.77894614062647
61.774444997522885
68.69922643131282
68.57720835916439
68.31939625465992
67.3163823028338
67.08007168920386
66.78381004941976
67.03002117004826
66.79163031819898
67.30417103292243
67.39759614432865
68.3419510681473
69.70606704487457
71.04103955403107
70.39796642040615
69.67371756936645
68.2317183756991
61.68689884484754
58.567731622660006
59.702532773564755
63.27725584170254
66.42324798015929
68.68198456902437
66.72939894901057
68.43823479432834
58.97934230249325
64.65191643992193
64.99453239586003
63.16084930608197
66.08157939297715
66.24576476183896
66.85677472853362
64.00092569878241
64.6733458116542
61.23894770430636
61.31073125042807
61.85698619748212
65.41230519160776
68.08839033011827
67.96077321082988
69.5630627203552
67.31882872596394
56.99352376056816
53.85802393843932
42.5891156546721
47.587128162538335
49.80145183007246
53.22535050484727
57.664666896664166
64.65102313330578
49.754293088506486
47.830742528594214
50.94609850018319
48.69294174924063
49.452398060820464
46.56681311568171
44.88209654684032
43.02533810519859
43.170368200389234
32.93947550212436
26.02296238302124
25.297121958124684
17.07340817285959
9.645267507965736
5.137657960960613
1.660946536689497
0.5729440487173674
1.1022913439472355
0.6020836634272777
1.5723930115474034
0.6177203767788828
0.4893446485687567
0.7393407898246882
1.6952078495201213
2.124195197503865
2.0007635450694568
1.611503586692676
2.289763501251477
1.8343118661591664
1.6065645184663022
2.8505994206646235
2.951197378872826
2.5748717424669243
2.1245357523431663
1.5749693543481695
0.3692126224578039
0.12374387351892
0.735568665261709
1.071600301307846
0.9827290809280326
2.5659789871627607
1.5731121021369925
1.1818411948204208
1.95008144609936
3.1177723313299746
7.235000255960947
8.755672039150712
12.24042514339967
16.098195027924106
19.694285770742862
25.724398928586353
34.063845917055374
36.96134661491602
39.529751346922595
42.99326115369578
51.93405848179103
45.72602204061136
17.20054849828464
7.058931302721815
6.008150333453658
8.157535158753856
10.562047152576303
12.479749357872011
21.052318951228365
23.710115473080858
25.813457910375227
32.316504730236566
39.668232970053765
43.14497974745018
50.97014521776826
54.49282480010991
56.821474730686816
62.615259413519205
66.74330786518775
69.04966923675354
72.63993508302173
66.19152236083087
75.85040026058486
77.2171064608143
77.5435697274817
77.86955866394723
77.91208206140277
78.08968588135475
78.1019895818346
77.85652401393256
77.84510158704317
77.81914461649598
77.25771457154151
77.52037103405296
76.5447107766818
76.5939670473702
74.59549837592718
74.9486872038426
75.53142217631648
76.07328448422238
76.2075790840281
76.4897817872383
76.62405502090365
76.79088859890008
76.86416194823646
77.12646417238412
77.11392782714793
77.65078848029657
77.00514895368218
76.44115081869117
80.18154507890618
75.81939552157985
76.80896873824344
76.80767509717774
75.83452838788043
75.44968101815354
74.68004992910845
73.5913576762106
72.30861359879171
69.44733002252778
66.80203698404623
63.1008721443233
64.9619194279638
66.98971516506087
67.45169320950262
66.96700501158686
67.70492378497507
66.63263571875538
65.68322606860119
67.04951345502937
63.440023834835415
66.95374383753732
68.89028377767794
70.30282461002405
71.31653978204014
72.34774816126587
72.751023358016
72.53097166800661
70.94159215098796
68.92279929754395
65.50561888860787
67.01706638394934
61.956461720177465
58.85817004349733
55.73466734176468
52.22092539932814
54.6516214778862
59.325961690814246
60.58631607959396
61.05074131235251
61.44112797849393
60.807041196174495
62.172085510221486
57.42880182420481
54.85299691388419
57.16751945959199
63.92439875922643
69.18899898792382
71.71584859497007
60.17142384705427
50.55134224907056
49.40169079331974
46.426729654094665
43.7291130141406
39.51456200901976
32.07198105170648
23.712192818921736
18.12165229780534
18.990045673511748
20.61377110263554
35.84122325663691
34.10654860727621
32.85525866757887
31.87413701767729
32.759535560436085
30.113010188630845
42.8037467752236
49.06777700575997
44.20238878525497
43.238268552394736
38.93940875035738
35.156795849182544
28.170535813336823
21.84267323026
13.457965940070055
8.57626773961078
2.663378671021384
2.23264411531449
1.779377590202491
0.1665877445879181
0.1535963340815195
0.180046289196444
0.3330301272502804
0.7095094997428448
1.733689001885696
3.292863048393727
4.946858215617668
6.5326061002411935
7.843558984033742
11.33941970399292
15.308837454274508
16.419041122018456
19.07650100285222
21.21450574914128
19.51318289734903
15.27812261866515
11.506310760088995
8.648934272982899
6.569869871225748
4.804271352857963
3.702735940833029
2.8868383576078216
2.9078468312645507
2.792764055520161
4.446455701626158
6.275107416698022
7.652237957001802
8.757797507545142
12.391369870719696
16.36025642447131
18.612128379047032
19.95045942123361
20.08239913039422
15.447876690911585
11.904918822980278
7.117086028745709
3.5122927390131675
2.037680577189139
0.6184255309148579
0.846981835922558
0.8222661556928015
1.074958613401581
1.284930237683574
1.7413452811018717
3.736637040365263
7.133392226486178
10.142391544497622
14.782736024491577
21.743376857477006
28.302708207819645
33.521281955292366
41.0016719281378
43.89068955178899
40.60838371054162
51.577062202960704
31.35510215497348
29.24402705847291
30.99493264774977
31.081568830030573
28.07630290656641
29.1000816903475
27.26710451621064
32.59148231109701
31.02283260948221
34.030307409527936
26.088826367100705
29.348390008816896
24.07187450146339
24.59827199885302
27.87075627328794
30.31296994149009
32.838415169027904
33.924292258520744
37.224576129722806
33.99857267869634
33.59930666839494
32.43811423595838
29.522103011112574
26.23035614379756
19.30899765050748
13.399609850254723
5.530909786743853
3.347945541765253
0.7020952782326543
0.3184120992563925
1.0525451005606112
1.6571908786290066
1.9243528113469788
3.3932121836587195
5.35507796224872
8.562844900820481
11.447204744890955
12.243117392443196
12.412115974952156
13.275614756462945
15.014488726919849
19.476634013454465
23.503194168259007
29.9490867003908
29.63857733312908
26.71766225601792
27.4381724090539
19.40832374749382
13.22160021801364
8.849544922734323
5.606023247099124
4.780345939446559
5.610115604078814
9.369671700324776
7.581670305938056
9.542858199535925
11.500932098729704
12.085833781861156
12.401767297735695
13.663555286853024
16.06602114845566
18.387661321368626
20.742875677398
26.871538021382168
32.21604956440894
38.16201167473164
42.23686904491164
43.37957743120705
45.13753018057052
53.50106477565829
57.25618455168063
61.50613772044625
64.22404194099316
66.9578996670731
67.32289389623823
67.46493820637934
69.6166097117006
73.36908307101503
75.56320213085834
68.49721094887674
76.65230825071042
70.27830971854333
75.6088181398982
77.96545183323032
78.23086618615926
78.04383607042448
77.6658380067741
77.34015719193485
76.86530326308393
76.87747697814314
72.79479068109133
70.32418835641076
68.54007572220216
66.78404982788602
65.17604311739764
58.09918279038153
56.15514911564095
52.64689385378047
46.82842817455278
39.32673714259226
30.072303220192268
24.47020596437569
18.51593783795272
13.611499812019009
12.027017858450936
13.036229568033948
14.74140369172138
17.876518870957312
18.54767007025587
21.85283229703025
26.25366386990341
27.758138264723165
28.276967919747904
27.24261594397366
29.81742187959912
29.76926470910613
30.618531908244258
41.1324830671896
39.65228267845932
35.4844199797151
29.337108393525693
38.84066726838415
39.20113799391838
46.88200722364995
50.83761905187917
46.91953544857174
40.99788569315516
39.32701145866104
31.213192416928308
27.886434948170105
24.573100792302466
20.60690994927395
20.184528076360774
18.053942049508475
22.821999482751743
40.72888364249275
38.74120493528175
48.02184599296892
60.35039332229355
66.10510044023054
69.69944067180131
74.13115403358087
76.58738854435113
76.07218290243763
76.26615355381401
70.79829981282967
78.36955071953231
59.79284053898081
50.82302512432391
39.36093118676308
26.876492734351697
17.591465094279936
10.940736053565024
5.572806724672129
2.603432695114664
2.6144691203812243
1.8255998707882464
2.210807932112994
2.9848499150932084
4.544015644867101
7.203818247489074
9.894574388447005
13.888139046111696
16.623819112523464
20.114093291674
26.50737106968335
23.590697593178223
44.30788171448034
42.297728482381565
38.96500182048101
29.14809188333536
18.969794671236016
15.503662444422115
9.005501336248983
5.108278890549215
2.32232913230407
0.5373133610054303
0.3733399014620239
0.0799041744755184
0.8186141350672635
4.070156096192095
8.679899114169817
11.96638214880696
17.593056668538303
23.96832842865124
26.456949600324307
30.867288566943188
34.70709048057425
36.73317529398816
38.58496216841469
41.153932958672016
43.203533648240274
45.05033062487902
47.28197272798066
48.86745407414856
50.33291160809748
51.29463688317891
52.77468625351415
54.33154578746871
58.28062820233124
58.27401800449947
58.17887259175066
57.83391714649285
58.82423959190281
58.65538472803963
61.16388621316169
60.4043717699239
61.9074657178912
62.34983269837367
65.05005623148362
64.77057991082054
64.43881635106068
63.04867789814013
63.80580447377975
64.21366288900838
65.332735489342
67.81865861903964
68.50447967809828
67.70486316547274
62.91642679411149
65.21704602338971
62.60019502897072
61.53867747918528
60.59252119307315
59.40679520101487
57.5899701914674
56.5064070574132
55.395681762746406
58.18525836357921
58.034573816259325
60.572982690037605
62.27456139046258
62.3790504028557
61.47936180237568
59.65719879781061
60.594304201345786
55.714191334166976
41.58520633808865
26.63214714178271
14.365128744446874
15.424555707910388
15.92275551149741
16.546382100097187
16.325339884732387
15.960760199085293
17.60719670437493
21.565285168761275
24.90393190385128
29.19447707030602
33.20185995218945
36.50880812881308
41.01193744800823
48.13413485912448
52.56245084254589
53.58654476322744
54.32797723646878
61.69131216301986
65.69335743437604
59.55794555429783
44.76717123505597
34.7610332279647
20.26514344777422
6.252078304263123
6.837787490392199
7.554601417054318
5.673146624669964
4.944422853163875
5.22245581962721
7.851449590431039
7.844207249310147
10.92230638298626
12.166380824611714
16.574949719980676
24.16588662810233
35.01582870980003
45.82746954782371
51.39307779115455
53.283468744756505
52.41738485247993
47.69703139481869
40.05199960152042
26.75705450316365
22.63610893234083
14.684331388510936
8.027276896311173
5.760390196019669
4.268784673532481
7.398197545841773
10.570874606030678
10.640115004938874
9.874326542132165
8.053817921527557
8.281910755368372
4.656301060177808
4.047790692111469
2.65217594825384
2.34689751985734
1.1916329670669568
1.3342717071221728
1.3447776334557788
1.421584274431632
1.462715914724826
1.301074957621235
1.1837435307693849
0.97290189526791
0.0921840079768647
0.1098073427025487
0.1008353642490429
0.1080351951853063
0.1303601943481873
0.1342528137522862
1.367751954617074
5.355284434761351
0.6402740140724048
1.996272491390344
3.2396803163766594
4.3719871356954805
7.225381575436044
11.338963007146075
15.606450067260775
21.45935413692612
28.623910115934542
32.90936801896813
34.56909145078646
39.42930583712997
42.2316686445373
46.58488470402681
57.091296277239024
62.11349590565791
67.92598217717132
76.13825155761972
71.18034254202998
72.09638045253956
71.28654878821295
73.68359588472703
73.66181076130589
73.02180712440146
72.92781761688366
72.24371367654747
71.18325501451233
70.65685764996238
70.46977860486892
70.42013702405741
70.52419050229622
70.63025744141262
70.52360902436841
70.30696238724146
70.14020029029898
69.85000125401855
69.18911286755593
66.49027405928777
66.65168780299057
62.50050321991029
59.900896325914594
56.43754152140785
54.34402630136104
50.22321324458407
45.96542088560488
46.90238570665859
41.473957985860906
36.426024694444905
35.29040121357304
36.91484625888231
42.03077171239803
49.91334294958876
58.51203976264188
51.98454499797455
55.43851739956764
59.30981577435661
56.62250208689551
49.64917612614168
51.869317297348175
34.65597908157346
42.73725848983301
37.050871002648805
52.646304164406814
48.37673195748496
50.53560526048989
33.83367309196346
13.37484647424736
8.061257254339537
5.021585440100437
1.5686123680171116
0.468555150958902
2.4897571368971447
2.5751286551344057
1.1571924392140938
0.791595401078857
0.9868095767591776
1.2122610873550683
1.4851532938682797
1.7424839039240112
4.441345724852653
12.238194183836429
15.613395166832492
22.756282098972214
39.47422121313167
55.302592535873146
63.88999591644806
70.71395472023478
73.2877471919266
74.67286176177066
75.36154216627168
74.96176808420822
62.83760146990446
74.29225266069585
72.95404970379587
73.99017752248585
76.42015628362985
74.27636116663892
69.58504294970643
69.34225260802826
67.28307823863655
64.32751579399765
63.22364140155498
53.69356111312048
60.588126800628146
60.21955685282022
57.02830080798218
60.85072560595437
65.33667298704454
69.13967096825519
71.01400625220094
73.67270298104536
73.96017955327467
73.46006779347368
74.53141188039669
74.9376420681273
74.0624926303537
71.55110801915654
72.37914650104082
70.22481165963998
68.55656061835748
68.70456543617048
65.94941797289555
64.78462458128692
61.06755199230602
63.330107136926955
59.88129348315243
58.28879600057297
69.20185861409475
60.71042723385234
61.71594325027687
63.30473139643045
67.39494835916456
66.20443424002258
65.07804872897464
65.37520031427762
62.31181417472006
58.54128233827911
51.16167894784384
50.47568925396589
42.66508695260925
37.34308932965456
29.95587244243901
27.329826793925903
21.003314908590934
15.821967883698536
15.77863919312214
7.848071894218701
7.5691144902989
6.390188650356041
4.681123819281241
3.918232498162261
2.4288115741999867
1.978936414628809
1.908650466521553
2.431248806782216
3.4505690501677937
5.24753837891583
10.13964805352091
16.548276062856722
23.97769227362067
31.508796538911536
38.42556523229122
48.874087090925805
59.08262319347829
65.33742649159049
70.94184403116752
73.22651604422185
73.17195641045247
69.48484501452133
56.955158823877426
74.42384908791958
75.3742641931958
75.86574331362507
76.01851849109151
75.92017670592882
73.36809879898813
75.51642683025166
73.32261594048025
74.23027761690568
74.35315280860223
74.42790668058831
72.37691201681211
73.10501354989663
73.16400365529732
57.88575668381287
48.880729317934616
35.6914451722325
17.402287501780112
7.417329384910713
1.529322408555664
0.7059962123362721
0.5209559439852681
0.6239926068708275
12.200519175086905
13.42531871236001
16.049905824588734
18.974906016279785
25.16917219840798
31.628276741207024
29.864208292062443
30.466180871918162
38.71557737337688
40.90108203005354
47.660661022007055
49.81290718572565
40.94814596506259
58.79636966695874
59.70392400871435
59.92753270595442
58.17924219478245
58.08278322903965
60.71247899202593
62.19467449532287
66.17716559822436
65.15662389293514
61.912722580305676
56.25571187064639
63.570020071471085
58.74627310189865
68.04895978509866
67.53762460370254
70.90838958854981
73.97129999487026
70.96089958001909
74.1505671172573
74.3578935970713
68.23043706150317
65.9411826098208
61.00549442763848
66.40361155814449
68.91207615922727
64.14051726176862
58.809704651316906
60.51816536160179
59.77524346659655
53.67975393351794
48.50193649477534
43.92534317830828
42.3977555261275
53.45980296062742
55.954956112739495
61.61042475671194
63.38934907587295
67.57030299427365
70.17020404730697
71.97982874599792
73.43746099196753
72.04500774433949
70.73681070040794
70.17443945649528
69.02425313395969
70.37032463754687
67.63295077734283
67.01421646673028
66.79067193165153
66.14346766601999
65.22781298199747
65.97102011293327
68.86789434737415
56.971485269711586
56.27026686456484
37.040454467610864
35.602011241152724
35.81411479979245
39.00158670011086
40.93796311335747
39.16288289230012
42.973578082385934
32.83074107081963
25.395121543773488
22.92564610026454
20.165210274753413
20.684857358679164
13.650452390276696
15.624226147081943
14.708043521997322
14.672913974847315
14.996230225913065
15.394859687867116
15.514955231489436
16.303627867952525
18.87038069279773
22.719359299969693
18.307268205790105
15.639463335538178
13.713485992115332
15.683277995226272
18.481600808125325
21.06187696522294
23.86369444517516
34.045870080840885
39.6737313402154
46.4468570157287
58.36110360862548
50.412793793590815
50.23820535706749
51.33016660865995
50.94022951217571
44.6722808945071
33.94178108731818
29.39247664390388
15.482365377957912
12.447480569672097
9.077678805328029
4.283232727867859
2.292685406215272
0.1021994018677455
0.0939851604306882
1.1618053584149384
0.2410116763573722
0.1090093489546508
0.0806414079805437
0.1432769153320106
2.4375348627692395
0.1086700035755544
0.6103973678131311
0.1636611200888933
0.2591179993204899
0.2774627258285718
0.5902372641924738
0.100701331506227
1.881960562820932
2.237266644878249
4.071119482329515
5.890778619464775
8.435417693444068
12.39579556578876
16.73359297142097
24.18214871163413
30.4130505834553
36.617088366640125
43.56699920994737
49.368453940576174
45.63888793127185
48.54137935779098
43.79758664197898
45.04479941257898
43.53767533321379
40.54904140080931
41.80881922425943
38.9922943140102
48.05691040693947
53.799788554034194
43.53926499094504
44.52851185645596
43.89964109666055
35.64714899601547
34.130322668445295
33.92530315168061
35.19409831779055
40.12211369348828
41.15994413818069
41.72183101407396
44.06450391327154
46.44576362897133
51.01494077932448
52.67014349315516
54.31753121856718
49.76155515318495
46.51792819992008
35.57823620198656
25.351019213269684
14.77395888009044
7.3851099640364595
0.8936904432812189
3.86697668263444
4.293825662339626
4.58285133116661
5.407146737962683
7.1143403789729325
10.531405338318738
15.09846346270636
19.02075041603384
23.84570050806261
29.367915740992967
27.547889898099626
31.54055649283094
25.22038623228198
30.159086253159167
25.446464112926364
20.22573529693814
18.492625700131303
22.542154459971353
23.85032424205692
27.15458796015453
33.22892577362811
36.58605791775162
42.16793597756921
51.84340997938141
55.7925997762536
60.089173579411366
62.70632076965459
64.8944915657892
67.07604043200976
67.8735477510938
72.2527708995713
71.23851569534402
70.78455615337225
70.08735727505318
70.02977275868507
70.50852978508004
70.77899792897873
70.78177824512619
70.66399618715748
70.00443949144696
70.5047703995907
70.94829870499986
71.41813647702364
71.73052890218624
72.15818085873296
72.16112712279134
72.52107110784324
74.07473589781922
72.52185305256826
72.3219060266889
70.80073208988756
72.50991495755586
72.45581961141073
71.3904668362661
71.52761200655279
69.13614962194755
68.78976775487148
70.18364449876238
70.0733065512321
69.99263870979824
70.93973380052714
69.12584452281706
67.41385592015644
62.83990693595623
57.85156221227964
58.36911968660192
50.62168214963698
49.41173597317612
50.7217134309677
62.556229375389954
59.19716892944019
53.431098420856806
54.19743162519916
53.98593488123107
52.96386229370572
51.42557497640389
50.85016564750779
48.52212585293762
43.7715198609848
42.56436115733761
39.00215732741721
40.52263184910265
30.613283934876552
22.770938226522528
18.73955118207564
14.088213333417375
10.041072353620276
5.760118743795662
3.308766469701073
0.7149447137428738
0.2284215979960026
2.3869187632840503
2.8595118422825125
2.6084502706429418
2.511753985759116
2.452887195504424
3.2622860993424
3.3443937363009675
2.96458078060322
2.6726949542569294
1.6405578020908955
2.105664781658081
2.6887993711400298
2.7550853707286103
2.6012434652830434
2.955448299606979
3.3609898980915287
4.014284740543119
5.682187811874588
6.108499565336853
6.755760055323199
9.318739799621437
9.653928983896598
11.41705470830167
13.21411470422306
16.55972933663699
25.857423955060536
38.79590133743719
47.56802130582013
48.07281190523868
47.12973080910621
55.6287181516584
59.183897889734
58.90532316795119
57.740295670286805
60.22285442560735
62.09524811990985
61.68438884676392
71.99022141002854
75.10958423892023
75.47331364199579
67.42736617097611
69.61468126617824
71.19569299185531
68.02999814559955
67.23780953091376
65.57059738561858
64.05570940219337
60.168930467228826
57.68484692532488
57.33880189056281
54.19472483602033
47.49861556719453
48.64986101366717
42.40186965983857
38.656763836569134
31.400200836477424
23.81985486181032
19.40087119611868
11.492039122667665
7.952008209104486
6.375513290426257
5.95884514413477
5.737323243948866
7.064822960195942
8.117868289137956
6.986338009993052
7.436283369535105
8.588152592686512
10.369974759370542
11.13165159709793
11.669238770620018
12.037918988716946
12.88157696453684
13.928359281845893
14.255049793151604
14.774160200646158
15.5336260092736
13.109858115386658
14.384157940339492
18.219661487909583
23.191484133271512
26.731731884776934
25.930410995370373
36.21005351277808
59.36508600715996
61.81922207022517
63.74174622104068
67.65101559556722
70.04076905557986
71.6309073956862
71.68220218080522
71.22941220967986
69.37083583971409
62.17981636172743
73.72554454215624
69.40723261153617
65.51976625326913
64.70346667570458
61.93441352308429
60.18684628167237
59.21506281465008
62.06565023300421
64.17532812882408
65.23800060638465
66.48883765042383
63.85702115259168
61.69694144875261
60.21854492087128
59.95911627572206
51.98878344036293
63.79311499981382
58.360134329155905
68.71171211688683
51.3497095785678
50.0915660651634
44.73504225877802
62.783086318188865
51.65674146014929
62.818204353346964
66.09524401113295
62.16550384369253
60.70378931367153
63.482481597523226
63.447249932168376
51.47356454808445
61.98577870486782
61.77733052714189
58.678384984658685
59.10830071850896
60.67245904668132
62.43171492424738
62.48204011646684
66.30585691996556
67.897545753693
67.17859070318998
65.93614805983846
66.07745859894457
57.70873016180698
47.81713236952333
33.197950482168686
20.945856879477027
14.857986644453357
13.784569331219222
16.302608108601696
11.414998695657562
13.316151337504788
14.824243027125547
16.435307682361454
18.367750509353968
28.93118309792825
37.88270916627947
33.50546807679528
35.933885412096025
35.72764960947026
47.75190815880214
53.947739530444736
58.768485151633215
57.60721015618705
57.99650431556995
56.317710313350574
58.2459706514739
59.21900089551788
56.66561707899176
42.8087930962358
41.2068831667032
35.640180650957326
35.842172012500285
39.48888783884739
43.33769597811302
47.05387822890264
42.47301237888717
50.355721608268816
45.42342129361254
44.62204141153017
47.42003169800623
46.40337319988979
45.89231546046404
43.84566429502954
38.574535668363694
45.23492460740323
51.73836296421448
54.73657112597084
59.59969937223697
61.50440587486625
63.22899858184388
67.18834499060375
69.58020958345224
69.71684123119661
61.993618886497
70.40755874924912
69.71657367019822
70.54559917152002
74.39714372668875
75.15308235369103
76.04708620309988
76.31135909306867
76.79985658634257
76.52752153006158
73.53018032707298
77.20745326742319
76.98100871722772
76.61087364162117
76.45373441181536
76.09479352896645
76.67298034127934
76.45932278127509
76.5648543687995
76.95800926353682
76.8406629767617
75.47938334118089
73.22804895139464
70.59865217113942
66.64986953465244
65.41129246961006
63.6766781688699
62.64526285936103
60.63418997828212
59.27493090918675
58.508663775655805
58.74017060823863
55.94035595309117
51.19053424584236
51.283209456000925
46.84784333700946
42.67510104148617
36.09050349825144
33.594579836184344
29.841517960097256
27.92439953280801
25.505233424997662
21.069292029757587
10.164393149228172
20.803078409369324
18.07349079509421
14.769990613678363
12.327432614348057
9.574438755097049
7.013483417505561
7.373823813657257
7.475280806091852
7.165407197933043
9.485459679279428
10.63509617059728
12.575011796097868
15.687006421922726
18.77367995739151
24.671014936198684
20.496405730751356
26.06164265055668
26.112700160506147
26.9478978500144
28.87418596572624
32.77575490691444
36.566098891387874
39.19445513158747
43.636153556393886
47.72980556848524
49.37086986348143
49.92933036139697
50.25110898853398
48.49164233232237
50.07894158019268
49.99939677448811
50.86990369881481
52.59777061255848
52.43826301018643
52.62654376482682
54.67699102829423
55.47988311692523
55.61379822351244
57.609183158238864
57.97464257497209
56.27214139956585
56.88366573788305
62.75140542265208
57.65698463594556
66.2738995869078
63.434301626077136
66.4818538095893
60.95033477859199
66.79428800669365
65.55585611546252
62.271359815777885
65.8880748001931
62.67845865969713
59.843212718290935
56.36681845382367
57.41773747553729
59.9116941234651
61.52725047959181
61.533117595117325
61.50241586641572
64.41407457836043
66.94237738620228
68.83836232948369
69.67911299401253
69.567355047803
68.93418143569957
66.04543717101957
64.08508208244238
62.91170070354009
58.05346725525341
53.55205734085416
51.60029984649478
49.59017999295882
44.774098751427246
40.09140598825899
32.19375812709896
27.296251419381708
21.65584778806036
17.085899047212273
13.87981863856372
10.745743573730753
12.178159276186744
13.2974785224929
12.774101615934192
9.962214235018076
5.501834145226926
2.1594172320992806
1.2138363435439463
1.5126962514972084
2.77556091428341
7.551679837835117
4.059863644641861
14.26818884724252
33.91875951915971
26.850205767092127
47.04014172924522
52.5175080592096
64.12120145200784
63.444177571565056
57.65874373256351
56.37600641061071
51.49557510691058
45.687642666512566
34.628453023985465
27.84607582702382
22.56702513206113
17.588764299175843
15.855152156492952
14.687504574351443
13.290839476244344
9.115058575122935
7.978949455454734
6.271440135679867
5.580302641654024
4.241610165424015
3.74778171585978
4.161821424943377
4.342766837164712
5.381814371151745
7.388437646866652
8.472676432100565
8.767495968459603
8.570469530112522
7.476803225387561
6.294803401273879
5.561625665984359
3.857878867923215
3.759452611680622
3.12916635451833
2.729985107414351
0.6372256309498219
0.623321482459638
0.1356011797829474
0.2667094159716297
1.7798010653790792
3.0854445159901105
6.873366998046174
10.075116671098948
14.285345298094906
19.25823836550829
24.450612546763285
29.624517707373226
35.03235434459846
40.41537151068233
51.727273767644434
45.11094696048479
44.17858818724151
56.96005084083808
50.30330305564146
52.81306247415793
51.195267858182206
55.81875815466908
59.45797030559768
62.52348290656248
65.27444152491873
67.04457056390592
68.11189650201239
68.90671598306383
70.03274358380783
70.61019954944504
71.63810401067967
72.6971320446896
74.84278194083302
73.1949467200325
72.82418848643799
74.0319622560789
73.98651192821991
74.50723262072619
74.939396502169
74.78909899968355
74.72137034873681
73.79270826058045
72.46229852661904
71.11577097431683
69.71302432661746
69.09963206533712
69.10315420502731
69.344490781018
69.98601477433604
71.47023442467207
71.99591903452259
71.43186455442535
68.079588550055
70.90806336122805
70.10580294233947
70.10612049603235
69.9230349694072
69.81222222699492
71.91543257782314
72.96094688071105
74.17765417401004
74.63578778177882
74.60347261506675
74.54133434803364
74.44612061818087
73.52101965579085
71.02392080947604
70.48929799019984
69.8365205937896
69.30474096795697
68.74624252933472
68.05794753125664
67.92944566121649
68.8193341539029
68.78834869451592
68.25178211651783
77.04633110842416
67.56730079751314
67.36138323861776
67.47578581653364
79.1308684649838
65.24285502274954
65.95565611029996
67.83194078853882
70.02384504164152
70.49298072334723
69.92321595950705
68.49873400427235
65.19784070849636
62.25163839243461
61.564555144652175
64.9143962336018
66.65166212376681
68.55426868665793
69.5312294417435
66.34231177135173
60.03367408847873
60.024760651385584
57.04111307162051
53.21430147591405
53.2443977897837
43.33647927951813
34.03099847308028
27.3737133810158
18.40516673043056
8.051917828510575
7.200296254253492
1.4470757090030315
0.6361579649621449
0.6724924336951073
0.861356672277401
1.3341724740345453
2.118925864323216
3.1602406184754672
4.284442356013367
5.576859095994644
9.361915586831072
18.304644857306386
23.975161984859184
36.118998141519626
42.26165939754927
40.720835280927794
40.283732993291885
41.673383633502695
37.462005485158386
37.26168347016848
25.36994870786283
17.795909060908585
7.588576020793099
3.2192142625772626
0.9353782724620484
0.6536990023337395
0.4010290520925101
0.7157635437619447
1.1896489623375994
1.7172372665981424
3.237753219282953
4.995356439064649
6.5699977230116335
10.383842256092512
12.985986935411889
1.1577500793100748
10.181637580326242
10.174561913888336
9.231730883689782
6.755343964654302
3.6163581236341336
2.1720022958682583
0.3749698204707177
0.208989203643905
0.0
0.9300659712126038
1.6136905507684678
2.823732733390711
5.413283550690952
5.7719845960169245
10.134710690932758
8.537910342470962
8.880093560185284
7.954901643575478
7.206325443157046
6.013534066009651
5.813476673144705
6.132112444579166
5.836676366124348
5.992227134226085
6.850828467880717
7.605483130283904
8.749304652044824
10.400706735457844
11.43360851404506
13.526656698897597
14.851796546035384
15.315153853564164
17.775807073540594
19.208898723627136
18.10929788856569
17.976069708823214
20.88526454577984
18.47304566020277
17.792905921264577
17.959951133355002
17.42235245379103
14.886275355922958
13.54252844766621
13.767406932084851
14.078305718528688
13.197291674640704
12.380532088917056
11.860179405598856
9.811521530950216
10.31200886578663
5.965329913323207
6.361388640045241
6.192867713795219
6.268713040445377
6.3109017741044005
6.2817321809120745
6.579449763307454
8.84218810188076
12.790063449929068
16.29051739241417
22.96053493767537
33.47632728929136
43.41741324050295
59.86365423296392
68.735460031256
71.67647240141793
73.90554242664585
73.4622692839285
72.9665761027621
73.71394728437909
73.99602318921048
74.31905818810192
76.35278062606328
73.91004452169982
72.91744524551665
69.77091854835878
68.5829036568222
69.63214842652751
66.07861857578364
63.84375529475683
64.13883250902148
67.63119787892332
66.47359629491186
67.89711728925859
69.90927858727613
71.19606157016277
71.20327936133454
69.9640067708659
67.6686489425639
52.99137740940803
39.346026714307015
38.82569694931066
35.02613423672333
34.09447252910421
36.653649729087434
29.228851140144624
31.483139219019108
30.661113577247463
24.26820958985697
20.94885004796209
18.66016974632977
17.38564524318951
13.53859186461303
8.70437950327846
6.1666586566105845
0.0
0.0
8.175646079295298
8.547889291194526
19.764746609013372
28.15930482980461
29.148327544118327
33.72602998254599
47.23685720137975
50.379442420260304
55.92773994711558
56.01501536243606
66.64250330241437
61.12683984782122
60.88458171013693
60.42043013755938
65.53552231792918
61.42013447198386
64.57457798070897
66.24951895719619
67.54018049244661
61.69172348034041
47.2913566985916
64.98711847723561
63.618418337629606
67.85215789696714
66.46372917988796
68.0024584616189
69.96321417004457
70.57486730898408
72.62691333981371
72.85688542735153
71.77516650010726
69.74719765108604
66.16450871910752
59.55124399678513
51.41258485294532
49.5375285084597
45.58908934844537
53.35737168973737
54.82206449132146
53.206759165485714
55.62958173619018
55.74501861740334
56.986476490119855
60.76260535595891
59.95119554360154
60.60974257434377
60.51656319756968
60.4027556268977
58.82077386226455
58.00354607094469
59.514207074333484
58.88607684773777
58.33601026517892
47.32029497176596
35.18150460733224
25.24777782838729
12.063441707828344
4.658450840386266
0.0
4.288088998016272
6.376705422658746
9.076231092523416
12.607201801488582
17.13794241519504
20.377086696917353
17.052150958331712
19.18633324777118
20.81893965980828
26.066186367436853
25.301913165282297
30.241043056863404
33.82756404674967
38.2742048143595
37.15710460105174
38.03817231780915
40.84358453936337
44.18297106318556
50.33747392067035
41.47547686926093
36.26518653893951
31.316393454745384
26.08032321335956
27.822392061291566
28.589814465602245
33.00125162131124
37.30812753412288
45.13889195106438
52.10634790902772
51.92473248253954
52.81528665389877
54.82570962690112
61.53556108099544
63.0008040846318
61.56306934308014
65.83516818918707
62.96166160489009
55.92544528356044
55.28183409799519
47.4359861023876
43.43998848967178
34.800863266357766
26.92799043157526
19.67620100454561
14.553893907754286
9.969239156265198
7.45812210632923
5.588134889691055
6.52431933019166
7.985908500505594
8.093918305859562
13.636871513337578
21.20947910951248
29.38122687395768
45.22512768483739
63.40119745854901
72.20146894285232
63.295236322430924
75.79085647643606
72.44082827713716
69.88046756146404
70.69889543027752
78.38837844287052
78.509940014429
77.73504572487799
67.69588643643868
66.70948317859157
61.32174925155031
51.45590124193669
38.886924549041055
21.49193316625512
18.73510724399791
7.992825513123849
1.860365137459577
0.8096289346225715
0.721075452443146
2.3690930829224706
5.270647467349198
8.449437171023455
15.744217186548749
22.80045477735084
45.47250401827655
56.47499266139901
72.86720186245265
70.2210239168548
70.49734085720895
68.48074481260775
76.8132743784997
69.64007256002647
77.37527814685639
76.76368703540945
69.47595826992435
78.26155400812056
77.17150189020663
77.16773212425204
76.35445350533433
76.29204703065248
76.67197188063163
76.13446254782374
75.72808459015084
75.0532127734566
74.80969779974565
74.5875148903698
74.61036195314443
74.21474697843097
68.48467920333997
72.59508538880175
72.83371028514841
72.60914770162431
72.50051619027562
72.94795505218558
72.98802733153447
73.67693490692935
73.97134902105715
73.25145658825679
68.31367380646124
74.22766156394626
71.37828703378631
70.91193486108521
59.8175471839795
69.03637844696873
68.87312222485443
71.29646614311682
70.6748763977256
66.744510253687
69.4099370095806
66.7277616169921
61.01866182585375
33.221250642169906
15.63458125211938
13.753961900524429
10.43925415401482
4.951733439474947
1.4343469178042678
9.949639942241996
9.832195666275483
10.134087736384046
10.038936205859088
9.869496530887991
9.761480303311648
8.767761733530895
7.802228677327306
7.612750384648372
8.191638807671264
9.281399544812343
11.4821508333024
13.335951266710104
13.482380921059343
15.17864453373432
16.916856155965313
20.77551035092773
26.41414485076842
31.36155109148552
35.039854282218606
39.2067072927793
40.34172421311518
35.10428409602753
33.43703562364378
