Выработка. Результирующий расчет
18.872682523631255
18.105336532593796
16.231674200013934
14.259406405784693
11.660922391613239
10.599499039537061
10.487446377084632
8.768506653310066
8.823565519583997
10.753116190204883
15.707571107178909
12.591872342828962
12.157851627948292
11.643782059011912
12.727500377190216
6.847425281903102
11.231593680477598
15.41200275147582
21.03896795228502
27.62217036178411
25.470830583252106
20.926488796370254
21.550639984520913
20.34733143222534
16.18910123024941
15.221660250986918
12.593076767520609
9.721079595915986
2.0738113005557737
1.2489745946500665
1.4316790473069625
2.853177226892195
3.7789999725406385
3.6932959776568306
4.41912905303151
5.431442538526508
8.034414909483361
11.441606146603679
14.834572476925151
22.190644026903065
29.539302980105923
39.051741912596114
44.92619151434374
47.78163548104022
49.94946434202667
51.96426828040563
50.968883004674886
52.005524813645195
59.0203688558278
57.06882903711868
57.284372195063234
58.88595416510701
52.5644751884903
50.80877503457662
49.357450285007765
50.700388782723024
46.35105935879421
42.26414915612929
40.35856458035447
37.27099762174279
37.32856571452211
36.39295052061433
33.49631951303699
29.31229366800902
30.944016855809238
30.205298398792564
25.469906956424925
21.135909831521904
18.125406087666455
18.874672547855766
11.287792087799772
6.431310049905226
3.2006586484107915
1.0348167756614086
1.274247915239386
1.2413628143038944
1.0459538715692738
0.5583715850133305
0.4360495440193916
0.42183417767149123
1.1501889168765405
1.2620370200477604
1.710580937436666
2.1095183153111905
3.780654772636278
6.003019586431619
7.496934080574449
7.929224810537545
7.795786146791854
7.065834018210559
6.903421627336609
6.503353312189224
6.905291800947921
6.683798220246433
6.003109209129033
4.983053132148381
4.537224390498884
3.473126293311174
2.4670008937262016
0.49095047490180493
0.0025660497756488723
0.0016845193643338801
0.08889116004156554
0.2718995944168238
0.7661798041182747
1.312398108654941
1.6647008347928591
2.59634506360813
3.019357342668582
3.767866552432866
5.746425822371659
8.645795393014637
9.853372316684238
10.234475926045757
11.169564427310183
11.860863493753143
12.937337527751811
18.523211323958982
15.851135604996736
15.326603833056728
17.670932692487686
21.270010312932968
25.649816381185946
33.52940494419525
39.732799886358144
45.212106151217924
47.151742627747325
48.01707785038462
44.75528986127429
51.60663463092479
53.80739777647436
57.50784788361535
56.76800282511241
50.82273349778387
43.116738862076105
40.41321710904904
30.62182573781548
28.229193084551525
27.743246732702453
31.939463283908093
33.05782125095584
33.99314274768531
38.77158909999486
36.134101400743276
33.601618754590525
31.963279851362934
37.02872600681572
28.760652475280455
33.06995189565634
32.342584930459786
32.626738934907614
32.87773314457856
33.3978131459096
33.73244044716395
33.42528247554625
31.898060397952587
37.23784862573996
40.42216048666188
41.81147054586222
41.0444981933904
40.65646014118427
33.137838779714784
27.76024583772521
26.176070119479256
20.80319869172611
18.19365962377249
15.628197779934862
5.767257639859669
14.701096179426164
15.616754860535547
18.35297992860574
22.619573460581112
25.04992376185999
25.517373626612653
32.423916888786444
28.878314833354207
28.297525571404808
26.626053785935117
26.915449816158716
30.116208249793896
36.1861188746993
44.404243406031625
50.483432170286584
52.0538930760188
52.00590723118044
46.713684772394316
49.52011164265654
56.22559652125758
58.53264367456255
59.126739841643136
62.839318143750674
60.175826988094215
59.11240866503793
61.53651880043947
58.75138726687707
63.080152370153975
65.1797707685318
67.07876257366893
69.19607518824228
70.3269700876159
71.80359776221331
72.17886490573403
73.03340250659296
73.54280578353031
74.78723844548807
75.78850878122243
76.71290099437655
75.90371799396392
74.57320912543784
70.90974213327198
75.98969455723893
73.48584777639591
73.5388277382892
73.36032302384973
71.73838845200034
73.02218061321891
69.03463907271296
69.49989782499789
73.92487322905805
69.70386406198465
70.87960771652722
71.91009011427988
72.49885358238596
72.71602783387192
72.75706493121719
72.46241121342595
71.9535966088089
71.5890089210153
71.0953307752183
67.96632115097405
62.62998557216093
53.83854262276175
45.19433916613108
40.62402219173723
39.74836315723259
42.33779602108463
48.2614131215101
53.27099590934578
64.16976334303578
66.45959593922909
67.84063267230694
68.69090907687416
67.71095910008573
67.15252324789988
66.93597165116515
66.97594166405804
67.38436556773544
66.6817012815868
67.13899119394337
67.51974942433642
68.16957233616914
69.95502272396833
71.22457841543363
70.41986897194417
69.6988873974209
68.36622233970509
65.80894338338132
60.22959501820482
62.73907541268374
63.49608597530591
66.70217313589016
68.74486996768475
67.05573294226912
66.66201507119987
63.17541497335997
63.66044879326506
63.86879434898494
64.22229753182243
65.24494162463803
66.13554630523244
66.6809267995275
64.63505953522252
64.35962745781531
61.5009223722365
61.63731325360399
62.34591144002673
65.1960550663768
68.07691266358627
66.63601722797488
69.49720139668192
62.61988672088357
57.50808873777609
56.102008078036285
49.43553003043195
49.413092087625444
50.374697605072804
54.71664823805193
55.12047093578785
57.694941776357226
51.062667799011365
47.323118376691916
48.95248195210111
45.83181383775096
47.65487877476576
46.56824660121836
45.56419261061284
43.58602071110501
43.586877899370776
33.21209969338543
25.935465792045978
25.579142132754907
16.98811781132401
9.524167361181325
5.17687964250444
1.5371658785030713
0.813722838916047
0.7351245502660814
0.5262492059392536
0.6537667453393414
0.5779466188708965
0.2825821436490835
0.5679622242254075
1.6454019230760528
2.121172708093553
1.9620442019565427
1.766690022122725
1.7789506548958958
1.9937715806019538
1.8615821650707853
2.7197485953013456
2.931745318588803
2.6951412509695514
2.1100937686997026
1.2342523184514544
0.16070851997407176
0.0025966717240444893
0.36378733154071224
0.8836836147280218
1.3157151616667653
1.361984735516884
1.3736141108948512
1.234048279886823
2.012345733721249
3.1769092408832265
6.463742412921724
8.848151807235263
12.134351516080983
15.722647820957631
20.834858557330435
28.632165765361858
34.51024298851336
37.83425215029821
43.24350359498784
43.38870159605878
49.45058931369121
45.89839760225444
18.19529427454358
7.116297103429751
6.752677868140256
7.543156881063433
10.35633396737877
12.474244170270529
21.259024997163312
20.743599677782715
25.987387906908957
32.203710301865065
37.136738964174256
41.90195061617975
51.067850397260905
55.93817611045507
57.95441035543887
64.7116894396593
66.96700746314846
69.10150782431822
72.68747691771192
74.45503352694868
76.3453670731347
77.11273225913801
77.56920631109813
78.00051843208895
78.04800218824498
78.4007074132305
78.41460429758102
78.22406368045887
78.34240017054461
78.05758280850483
77.63888975755836
77.68606397608106
76.68673433063309
76.64173814370878
75.40491034098477
74.90192273567105
75.46820636036027
75.99611450504887
76.44257298989868
76.52998012235258
76.63588447434462
76.87567824528301
76.87247638261657
77.30225266674442
77.2943214818078
77.48718477165434
76.82940742491692
76.42668324182593
79.95730742364363
76.3057967860284
76.73224958255672
77.05783825542129
75.90048771111594
75.43633348418831
74.58487925482788
73.4781116619708
72.1290784319607
69.12563896232996
72.99380568062377
63.80951125459638
63.09926922909402
65.07687300229198
67.69830033724125
66.1678760809208
67.79422587616313
66.80752078858485
65.98401477491836
67.07548716424311
64.0092598284566
67.02234563624911
68.72631252720385
69.77687575972014
71.28349005093811
72.36935059418602
72.73827963057946
72.32840329623876
71.10069791520573
68.90300417973185
66.83103061748311
64.15555855598508
61.66601459669143
56.897648084236636
53.1356563533178
52.81620755417659
53.3516014820103
58.24156644618674
60.961886002625555
61.27013257079887
61.544048296506844
60.943337543279945
62.5594910859335
57.57310542888242
55.377392105633554
55.11336845181933
57.69125646310223
60.472102725841836
64.11777867036773
59.80836963926895
48.4917440623148
49.030603703462575
46.219454169550644
43.10888382353204
38.857845587413316
31.69154017534533
24.31644415977448
17.937841013315577
19.02233029051033
18.62762988961727
30.716212288607583
33.789658311739075
32.376178735847525
30.959547725411245
32.10252327130317
28.24928447924006
42.71154356643416
49.23719636144697
44.27627820897965
43.1720058816328
39.165026534836635
34.84002082191209
28.34421448627573
21.920601001201007
13.54642088800385
8.368297566496658
3.5574317168325065
2.0515835026024862
1.3731829775730502
0.0014181916194941052
0.0006673239212524229
0.0
0.12889842146314143
0.4650427280761892
1.4084750179962107
3.175158454465383
4.639664484349923
6.175072089287496
7.5742427010942865
10.974000699419008
13.167367723981238
15.75478467889906
18.555087141678566
20.704924167714662
19.14328433255254
14.976570511954863
10.924356648360737
8.412024063886374
6.260964411020633
4.658170804489904
3.5080737697626656
2.628927901922293
2.688758411782287
2.6089784167720045
3.755144293790834
5.67724346632841
7.0870390066595625
8.22617938889959
11.95802131498486
15.900002681435746
17.966949154085132
19.73510939419744
19.60253674012535
15.241813848534745
11.770029887618215
6.922402879145731
3.5017174169609544
1.7047988393248843
0.35487163206937844
0.30571009791932
0.5253773304899803
0.6879150824756636
1.0504572064341706
1.6075331636748367
3.167461887014523
6.07197128354759
9.789987981598255
14.238297426237374
20.00683991085251
27.164415116370787
34.87651374380107
40.32222185017114
44.1823436510293
40.607593937716594
43.13372693588899
28.060754049693497
27.300551436886728
28.75679906510614
29.30404809578437
25.557743733004706
30.685350547069213
27.300704834127412
27.43515287400082
30.728540868469803
27.263417394693878
26.431325269196236
27.15037553015552
22.83581652286618
24.50586167438083
26.44702559668212
28.773602214725813
32.336232211066374
34.09673276548422
36.75314303918242
36.15914397256604
35.30388381161149
32.743938373512975
29.32359016556002
26.045858012965297
18.155834503942696
12.330763904629876
5.450576756657218
3.4206853574556098
0.2804319476428431
0.005614982345710761
0.8111367138183072
1.5302642540238176
2.2397261080325532
3.11176201442072
5.03301361701225
7.531479587740991
10.192188905794092
11.922660441448663
12.272715553903405
13.224977676499288
14.80462686652817
19.66435526319282
23.505270321032913
29.909378437588142
30.383464617897367
32.353156795099196
31.688285830499442
19.14826811753831
12.840224183833877
8.879524284166406
5.417397978880025
4.273424915626662
5.706294061926175
6.373385019953814
7.342380633859809
9.338744840014574
11.42867477499065
12.06444317397141
12.525272841073331
13.043797170370421
14.68226355857327
16.867703458245476
19.4339602355516
25.107908798239283
30.828882117771553
37.83548769211002
41.58593812514471
43.196592856850366
44.52937265323976
51.4197753212622
56.49718217593429
61.58200874484386
63.764817223765746
66.69973560909249
66.77382244771272
67.39861784156038
69.43529378617579
73.19917600286561
75.54033365873765
75.73168882309027
76.21026422884493
77.29607024561483
77.8813515960673
78.37982760725818
78.34280552601331
78.24149533538288
77.9792403861068
77.23940414896893
76.82039844170816
76.88799875569427
72.5491662321156
70.67057307385683
68.48453766955483
65.30703467666892
62.32643471529881
57.25985289503697
55.49609451161125
51.641251282520464
42.920187316908965
36.6313200847244
29.591322345723956
23.854091662657545
17.804409868505278
12.99520308862112
11.349897844842056
11.084972692952652
12.954195276263839
16.4218426334536
16.848425500743435
20.38824756133137
25.18340646229381
27.35535520827761
27.68762378021717
26.724281928642345
29.43265533435164
29.68048726737928
30.19619132842602
38.13701000074131
39.151487635871334
36.28907451346541
29.794528702238818
39.357568269770155
39.125369153291466
46.22503591596364
50.34856328491226
44.42650543526958
40.64474182649543
38.076867906814456
31.01288509042859
28.580894454396898
20.879954354266523
17.9774703382476
15.9738844169235
17.357630831645935
21.802729598683147
34.70350687145794
37.75494157352761
47.65441662619791
60.721981880877294
66.25101030611428
69.97604139762069
73.52398604324439
76.20084729856883
75.92006841769206
76.22042218378313
68.0499255780386
72.25093402062856
60.42026244629229
48.93395561836561
35.44894736378352
25.935815401684714
17.057640766447424
10.44427608706128
5.350994888752252
2.649077542715557
2.761385426065237
1.809443247334572
2.1305702604694967
2.9090447010161236
4.523735135971589
6.808427898908157
9.577250959442923
13.84018180914477
16.764133313832748
19.927601040527936
26.471845949610966
28.33120926249303
44.530512109864695
42.73980384571501
35.645005765901935
29.201333511320403
23.356300828268722
15.13825509848074
8.706226927701241
4.821487730724304
2.0065464608611556
0.12197755127204908
0.0031221063595296707
0.0008638121331911354
0.85874027055165
4.2607371843000985
8.867186263595851
12.130791154934828
17.487143659946273
24.13891256161295
26.274139332649536
30.267681426203847
34.01522381121953
37.27475065339779
38.721949365606115
41.51564859941388
43.73425412021902
45.62359908967546
47.89978368271478
49.17794586560467
50.43990324254464
51.3316209662013
53.033826845978275
54.2150943041718
58.64646795107864
57.84167399290889
58.14918662807276
58.13490270435547
58.7585545728848
59.201321344165294
61.87766525444623
60.43808442067973
61.695429030256506
61.58489366743492
64.75443715420558
64.56217212083386
64.70238740443327
63.021139619858985
64.28750457119632
64.52498488363732
65.1046927393055
67.5482803977493
68.2740606481154
67.52249874748856
67.31766525396873
65.40168301906786
62.852207671284816
61.638059948639274
60.42059733311232
59.21305822955344
57.430255747314334
56.419111004989325
55.532221363485604
58.01008353896156
58.22072521251534
60.71466218953258
61.80686987697437
62.34863163977587
61.52039927487162
59.89676530329168
57.70907766169825
56.16482142929468
47.550074990894466
26.62798474499308
16.909925605083682
15.509348594404589
15.761324654002799
16.391017593680587
16.358888085936144
15.968960781048727
17.22610391427869
21.052572691348526
24.450344809996
28.993991250998057
33.175748431307596
36.826989076626596
40.71851433701738
47.41213982686615
53.57823033341085
54.76393881605193
53.02437877622389
57.28155752312544
62.8699057315072
60.30575190845847
45.21202120613015
34.424251866839825
19.86738425549215
5.986379738628776
6.481721245894555
6.514831159208275
5.485575173151599
5.125127320482259
5.3898757148617715
8.339644789501818
8.339405248538261
11.528158965467274
12.79257704252135
17.236493229638235
24.633946636763632
35.81218909707822
45.935423262683955
51.38507672197341
53.18386935289577
52.90392085751862
48.34515096834044
38.77098610752248
25.34558235261747
22.92727418789332
13.756910223289175
8.00764687014755
5.577027116208777
4.255112731870352
7.359600419359742
10.5075699471715
10.598781423635105
10.123087698922387
8.21079646093693
8.721691532899785
4.540776957782507
3.8254726529055008
2.8501275189580775
2.4177950575053186
1.3410893697775093
1.3777620303510125
1.6364651199702775
1.727597203519231
1.620103211467212
1.5055821830828577
1.091608484608158
0.9650319445854363
0.03566416855070824
0.001179171097156567
0.0019413082558799653
0.002612921448390215
0.0014216473429456713
0.003449190866526287
1.677709283778446
0.1164588857997112
0.697709047107536
2.2399290675134806
3.4800011054131934
4.7242400157584425
7.178156198842552
10.975639186717446
15.1641240874462
20.962088302002236
27.824036246692298
32.49840676573453
33.948712817182106
39.10336185832773
41.92458824193571
46.199203022822616
56.4007933674369
61.855340305190474
67.431914198632
76.0978779923354
70.96615955294764
71.95482475195607
73.71481362557138
73.94656039972008
73.84330563236213
73.08923844191493
72.85916468052787
72.23079629546181
71.18002665604344
70.62762525560755
70.48742527101118
70.38834889836963
70.41735847764996
70.55089179092873
70.51286214309718
70.24371830419966
70.05289485599363
69.80299046941414
69.06547282781607
66.55600618178082
66.45662975741615
63.380333073120916
59.74322274086163
56.73285013355651
54.3467766529335
50.92247702612757
52.69255656194342
48.13399171017256
43.97234925465597
37.217402723344186
35.427982250175766
37.402990908180605
42.09950316496894
50.73102160807117
54.66246186145532
52.83147652345855
55.83787302530478
59.65647017732769
56.92696170997041
49.1861951357701
44.42679153117031
38.68928789243427
42.910183028273806
39.605563883061386
51.56528722762614
49.017594007682206
43.90928878947915
34.04775801665214
12.853512525600117
8.223015494310852
5.074341894168698
1.6575936223264018
0.4628873602859879
2.4714793893144096
2.772240295545104
1.1164419143097324
0.9754437906009378
1.1296964890089296
1.1510742175899118
1.6615246964095227
1.75592737040278
4.250557927263537
11.78673447396097
19.184072866646147
34.86423951201036
47.222964280363406
56.06393847248101
63.42168936022512
70.3102316595694
73.54126160637175
74.57966328973943
75.22712730573764
75.15105879558325
74.54205990256801
74.09831658843571
73.66522824438715
73.84504028757095
76.58825202951542
74.38715508409994
72.75146239334663
69.14795836411845
67.70607204870558
64.49870242938022
63.30714314046837
54.02659315328807
61.42035400714719
62.80854783121083
57.50264227373463
60.652153596309304
64.92543077525532
68.85065410681682
70.96599907982136
73.35704079493779
73.78720551675816
73.14852055047092
74.62554726915656
74.91948569089723
74.42392524379026
73.88780449993222
72.44216973011406
70.10559190525211
68.51810303480062
68.62365686069491
65.78782543833633
64.40894695801168
61.11888098872497
61.532068905200354
59.72675635657458
58.44082620111993
63.17259533085652
60.32701712115503
62.1233782932683
63.181761228058534
65.75571419796148
66.58184911583716
65.14636138702268
65.23682735728988
62.16438970905232
58.46424236964201
51.07621182108586
51.23844879132526
42.76297126382843
38.17127235789817
30.25984918624942
27.285995000882306
21.087940022831848
16.028265284360277
16.656389521379594
10.25178923335345
7.94171701147297
6.232285427272383
4.833565383170425
4.081287016242488
2.743856753060218
2.044808360444058
1.9091976867298395
2.5064050368649395
3.574566816242485
5.238692015757265
10.320386858027058
16.138198282355315
23.466113994433247
30.993640983508143
37.47809850138426
48.37998706061413
58.77119984641369
65.20073134463607
71.07775828756314
73.3481633955614
73.21984070885962
73.52278451237927
73.77632349278211
74.55535475264782
75.47042948559296
75.86962368973924
76.07233532550795
75.89881488287267
73.49653140106044
75.8092403798934
73.30809218429754
74.16907834858186
74.68101093937914
74.78442827235406
74.80345165674332
73.19438381867322
73.6849428516942
62.86326366999885
49.40633935384175
35.522480088037476
17.393467366598628
7.630368515200481
1.7375655342531986
0.4677633577310838
0.37904825724636365
0.4705730410720264
11.066829245445334
13.286947150059081
15.905850716201938
18.923997339393132
25.140370449017485
32.4469863516827
33.50850235172019
37.12487562665856
39.08218491940159
41.30859729606627
48.94210076818701
50.34258946023836
46.77422493715319
58.24640849483652
59.34785747223005
59.55933317567624
57.64985196438677
57.619040614951054
60.31427024546436
61.8640190879935
66.45358570902373
64.62102418209355
54.12367510900848
58.33470543544762
61.79326480099503
58.073397198724194
64.69638454353397
67.05222801553435
70.77956352698351
73.91773599647271
70.72851916912687
71.7727913811338
75.0523519306184
68.11586702897272
65.77004543608788
60.58030323977561
59.63054580886372
59.64277071557603
60.949614788593635
62.124816598400905
60.4038022439346
59.931666012639596
54.16573829174594
48.241853141464226
47.464369215923
42.82130868912078
48.671961646166935
53.92934154625888
60.88386461152432
65.50199636563136
67.44912155674432
69.86607434297446
71.43637512343149
73.4928557803936
71.70915260447929
71.54102908457648
69.69902931477321
68.67303012542985
70.66890052113597
67.26849332967514
66.68244841660841
66.3185491712982
65.80515241269175
65.08827700545305
65.64539302540102
68.72109250988524
65.16462677566545
56.86041030693216
37.56968824389438
35.46847851758265
35.29334609283901
38.86854099176487
41.615890279013605
39.58213363848785
42.08849622710617
33.69236218920011
26.3334261337155
23.587732645104328
20.9824432459667
17.891602592381236
13.93562199614162
15.900155419793252
14.45958428358564
14.500712220098592
15.055087942370982
15.438210712705047
15.633581093511124
16.461916253044393
19.180708012341157
23.36521760435811
18.401625363633414
15.807990272195449
14.245935960410588
15.57053553424331
18.489450288231154
21.295908192726962
23.797059779387713
33.95170824303808
39.27431466061997
45.85846955366948
53.681584779784195
50.150756273033
50.33475238026575
51.340968462584044
51.17897887238847
44.97892680734662
33.71871451451224
29.580975250221908
12.995400166559849
12.151296084709312
8.640796082119136
4.608066772238726
2.382664967414557
0.057645681802716356
0.0012498937335430587
0.0003347418366651379
0.0022024117643272226
0.0012859441320653845
0.0018554704833790385
0.004422718403131575
2.6302884461177007
0.012336245903140279
0.6097092189402991
0.0014485990703348947
0.0009114013966766687
0.0009278035058540425
0.4523723212057433
0.0009420059640206076
2.018411605826583
2.3671302987345206
3.973130034185349
5.588673767771675
8.689934156238847
12.372015964300365
16.693066196109694
24.299108765193143
30.86764885849702
36.950644370588265
44.150543245333104
50.20619971736799
45.856303086132534
49.54503868585658
43.58391762724949
45.79539831462882
43.26923109083189
35.81038302280644
42.1012668190771
39.73404971558961
48.29661970494639
49.307636519771556
48.102057892724645
43.96799500589248
40.95114989448672
35.55084159663843
33.73775107475423
34.14432643667964
34.386155863062946
39.78808781777707
40.39208262132548
40.179915012368745
42.44788929711751
45.86262175769557
49.45716974215942
52.08171506897861
53.44467134349585
51.430466318043834
45.22189063870956
35.74206710690013
24.986965034312988
14.65856993720321
6.733413628874355
0.004104272732646784
3.4211889798792474
3.872304947671241
4.364439655310155
5.163369733127681
7.066037040546341
9.696060252958013
14.769892579539723
18.739476239975055
23.745600411209914
29.653709004045965
27.863983963502378
31.825634706941617
28.50156081642581
30.53590340110078
25.752696076845133
20.418245985744157
18.662845042575917
17.377578254117314
23.515196206984353
26.816666746067995
33.24956470819201
36.011187088952205
41.5962204877071
51.35657517929122
55.25339894782254
59.20918401013088
61.973149458035834
65.09699217328055
67.00123264975025
67.72695922452613
72.49240742027352
71.35801657877998
70.38674642702605
69.4978065408272
69.67413392528827
70.1907077655639
70.47806476274496
70.57483349835917
70.5075894433177
70.39215017015259
70.58398814705066
71.0143119317238
71.37340570746676
71.63945958476003
72.06755177857313
72.06415450468307
72.35050886158011
73.8939493431892
72.17139741666979
72.09422173575337
71.22896467136783
71.96547760806256
72.00731788424291
70.93900993975619
71.3020405611799
68.97035890974915
68.11582487941286
69.73569494844234
69.66237928092697
69.60738888103842
70.76260418803156
68.74506529259217
67.14390645825351
62.802058116104014
57.928580161424925
57.861763361233606
50.89407511476739
49.70086583786433
43.08230446835361
51.51913366312677
52.368602760140874
53.17104729737941
53.30947985212016
53.02413413179574
52.19812414011251
51.017928701701564
50.14037614981869
47.82432654139981
43.79578442220269
42.22214262365788
38.19850199932402
35.236121930728146
30.28433723161368
22.102055167877133
18.47635568789955
13.908748301148364
9.750885670079656
6.020790016880785
3.287662041913115
0.6687821269275694
0.0060320666020270905
2.3519436916377208
3.0283741665219837
2.6795353473113432
2.5111092862206976
2.703638399568263
2.728502740114063
3.5163174593649225
3.0673489948109474
2.9437793621379567
2.618818497837153
2.328404548755579
2.6497419760130723
2.4917157571230337
2.5189557331806487
2.902819470583567
3.579464382684683
4.264339466573979
5.630219195822612
6.560091905809515
6.611504112052017
9.380559991354819
9.66560992701484
11.368579001924752
12.853219059450119
15.913342496303061
25.98053658769291
33.041060798130786
43.046387591183034
43.75151599437487
47.3308167317421
52.86087921855046
53.99453799250742
56.48263698375168
57.35360985535955
60.58157714818642
60.70210415604386
61.68775153181261
65.67456834785536
67.2041749046996
67.58257948246491
67.7847343449732
69.93028538723918
69.53059436424263
68.4700106692845
66.72990251710121
64.76199063618571
62.928890076903336
61.31142539651009
57.984924873365564
57.46302746404512
54.026020344861955
47.808196732392545
50.06507671523478
43.151140445989434
39.6399297780516
31.885456061426808
24.094268622982046
19.854158932315997
11.693631092955671
8.737130837040779
6.666859222396789
5.551027524528247
5.851622793127737
6.478827583944055
7.742590429135978
6.927824370324223
7.223708991219099
8.374019170168747
10.23562051780381
10.981713586476712
11.626426146556993
11.941075261215639
12.59344048817437
13.527963055267644
13.748814035019558
13.4519073590245
13.93701202463056
12.706789275812355
13.90858924031528
17.818744431387458
22.40709669091286
31.2797864298089
35.71901555588627
42.35360363177008
58.774470649130016
61.73857692843748
63.316377447365305
67.72957560515462
70.44247020272654
71.93513653269382
71.8984008776772
71.57294733483891
70.02619875991381
61.93117591181689
69.0967357586669
71.75874013240218
65.6747739363922
64.38371154597391
61.902884712434606
59.95600087544396
60.060059246742775
61.924030432991906
64.29457464510848
65.44049652920415
67.30640352845762
64.29347838903792
61.99171389129115
60.610645165281916
60.08201206285816
51.58281460558204
57.92152632229688
58.41456003398473
63.13697524397421
51.09077708238564
51.45401818627099
44.48090687284672
58.22828748263655
51.3334213655453
58.1724974575351
56.53787014800293
57.21501110959013
54.91744130106171
59.02533639761796
54.640634093916866
51.41591714908956
57.668257058414156
58.173449274314436
58.87884711397868
59.28861932391149
61.314812249732924
62.984847872941494
63.00199050160572
66.38804105539869
68.05892487872194
67.14891797625954
66.0578595981998
66.77191025359366
58.223018185000825
48.24320404566692
33.946074056336634
21.24105414343029
15.257896804411383
14.550941151205786
12.178985796218113
13.58370387172586
13.619280361185908
14.963825878910626
18.51654674736547
18.317129518822746
29.091359835748566
38.12597549302816
34.80465816616917
33.79988611493389
36.52379515108721
47.7040458139698
53.81110846302369
55.720263172251485
56.584953299717945
55.87996037889773
55.87702407600081
55.356091193349066
53.73821896844378
51.21208949838447
42.957888089908266
40.22124526459152
37.407462980050965
39.103708516767675
40.7025836515566
41.265255210304694
41.16745654785439
42.787889539750545
48.54208294901171
45.69407165006048
37.63843883565367
47.62283771474896
46.24689727041607
45.680180656228025
49.28516997423534
37.71548897927376
44.90496577605846
51.28963542266551
54.49084080532041
59.854741319029294
61.145269243910114
63.04713744190296
67.18434693626656
69.65631252975234
70.04476242578961
62.767787171242034
70.20333362399975
69.85450831550027
70.48898686969844
74.50031676139257
75.5413436320737
76.34356351973916
76.26060038409616
76.9564382975783
76.747208437529
77.0241288994366
77.2371064197237
77.09332733501068
76.81239945833252
76.51983718861135
76.33411065629808
76.44917149661651
76.61633141322501
76.74138656831146
77.08357622578656
76.66918144557457
75.32465372666651
73.0620769790952
70.41184150397527
66.82604280999887
65.74977738052496
63.775153464980484
62.74459528791422
60.57256493453914
59.310555401534536
57.884550579094366
50.68003989487718
55.32266197711438
50.78720232433219
51.66098276090126
47.229920274068085
43.03923936428341
36.19110530134665
33.90944469638274
30.08695794297133
28.04206848295125
25.763120569750754
20.688908153746006
14.54463152427174
21.370913199889156
18.425951460677965
15.080988432474975
12.572023190533923
9.755128319616858
7.497303309659704
7.230879582667391
7.487302521338129
7.220456547271593
9.424843081296304
10.523966850077791
12.567204810970708
15.781466071714762
18.82761735511497
25.205546388818536
16.33462775147157
26.20264253731638
26.260941765592293
27.45551088572741
29.164561727696633
32.63550383751398
36.08203195762215
38.77347928538319
43.87577140500192
47.63783947747265
49.21780296420702
50.01331361813903
50.739510850158815
49.09840030942078
50.11279148162214
50.1472588478378
50.93068542447648
51.37799433102984
52.602260729971164
52.580575103771736
54.74064841790912
55.35837471724831
55.89299100378177
57.626105378595696
58.118034393060285
56.839528585294254
56.81333399546126
57.15189419752027
57.81043573448083
59.22999057903827
59.88844191418096
63.273012769219676
59.9868543832768
60.06412220827711
59.896659064959906
61.221867702882335
59.921184368902544
56.31089480907464
56.34995598700575
56.83833322125052
57.576322575924436
59.76654488416625
61.34458484409241
61.57230795631765
62.12082482547606
64.72112939503705
66.98102243304841
69.0326506268554
69.75256086039809
69.95527113270256
69.20618565256895
66.22975652659046
64.35813389062884
62.669906738641295
57.74327293177394
53.5458795364915
51.8258524242786
49.592315059471446
44.77401155759336
40.21607098767268
32.144607665272446
27.236361487329084
21.690636240839474
16.87077964470492
13.603337808288483
11.85629355065057
11.724171219453769
12.926007635165092
12.347382259262245
9.841278014701041
5.744392548140138
3.2617711796274316
1.0892485267337573
1.7245086498417683
3.001946152156837
7.850067154339143
7.197586161843265
19.010376041453352
34.90156350258301
36.49790942137944
46.550480899796185
51.84335030761554
54.950114853813076
57.22717306973244
56.83150095650357
55.253244507043924
50.85389623692255
43.688376892831066
32.91688570583755
27.288406869203353
22.08860120584269
17.06890057692935
15.251527004053269
14.26164760855469
13.032994083203484
9.405415497959757
7.899045456145
6.13261642357025
5.601104751749375
4.345312466588373
3.818582028064491
3.380824170255901
4.122665575915234
5.175504219502259
6.9558389895329515
8.04038212175864
8.45258073298901
8.293388850861387
7.166621561652943
6.084004948034027
5.367622995759223
3.967947569890838
3.799511238133491
3.1647217734065256
2.1794180451486596
0.36428806031518984
0.21475432264277264
0.001964945702462459
0.15650134986237424
1.9433577806772793
3.325324570555101
6.793049706786912
10.122453208109032
14.404207073072076
19.3227557020834
24.2409127017642
29.503568853118473
34.691328035845714
40.326798300735476
45.77980347718889
48.66865199369294
50.77772444921485
54.26041604744572
51.18979704320137
53.02860149368551
50.90472796193221
56.01621576319893
59.15857250603956
62.57645609649134
65.09335048866765
67.04137424450947
68.2258338609813
68.92207522277309
69.7840906196162
70.5252897259765
71.56931151442406
72.70057930989395
75.14713431725465
73.88802376389091
73.58835526379235
73.96850852742806
74.3062969322494
74.68889156122874
75.06426732413614
75.07954433637195
74.82592357055194
73.96004216879312
72.70925994686574
71.31408306847256
69.75943424307354
69.17556952531966
69.04453787038297
69.60481865898262
69.96353521531255
71.49987832609469
71.95743717741072
71.79954781656012
71.55903972953845
70.83814242509727
70.31130016155261
70.23666309342153
70.20005695325543
70.26240737727439
71.93394798525271
73.25345277047262
74.11695075266283
74.74146963826202
74.71785430496536
74.80457033034796
74.49314564130579
73.53924937970977
70.99885292461015
70.43442509469224
69.95788647505312
69.29751352105802
68.76416994695617
68.04256465973734
67.86034099373744
68.68062494591334
68.78761050088856
68.49632681787396
71.5142602733847
67.55925916003166
67.55181149760394
67.62072108104186
73.07105739265738
65.75156631966138
65.9603875850835
67.87319305812714
70.2923715980003
70.55889957593537
70.25821034335188
68.98334849215992
66.23753631597641
63.62229967081744
62.08665001625284
65.33641031462307
67.36736869058281
68.5789151337615
69.92619285558753
67.28845274606331
60.2583913302079
60.128927728061285
55.98289388949624
53.341195423727186
53.73272370905208
43.78740312007497
34.26739053559668
24.908836468039077
18.91704497889275
7.954776296599599
3.8732981134025337
1.521477142884119
0.663772707733297
0.6814216656013284
0.8647679786543181
1.755944987012393
2.1169651542835477
3.031117744344583
4.099517777106568
5.742064338803617
9.212652080277415
18.924352769027223
23.52669365045864
36.235232286961875
41.35853888084918
40.460866795809686
39.67738379765548
40.56090699010133
34.01606977202418
32.49627531723331
24.499940182953615
16.99354178228389
8.331117717358394
3.381709995637163
0.6343003354813549
0.19021582184303373
0.16447789684021788
0.4073565041722397
0.9587370427980892
1.5038913046635674
3.228832040753378
4.626592282247671
6.280488806219349
10.009930619794508
11.316001496154064
2.895926892213942
10.191044399705515
9.825218017075862
9.055540359453557
6.84792868050403
4.021109122755279
2.299893374907672
0.5051495326097479
0.23215638886598502
0.2860402940905894
0.868082941947767
1.6890081979470664
3.051681818712359
4.365008654447125
5.3441524937960505
7.208794402729014
8.048352145291144
8.418583077515073
7.6656871152612736
6.827530159370649
5.692838187752096
5.4933969942511505
5.57589527779514
5.356846329839572
5.644151331666766
6.458136612572373
7.326101778112199
8.569584311402389
10.833526527384967
11.374261134721113
13.325050300860292
14.792453816849042
15.404917347378095
17.546342246014344
19.161658052702705
18.213889861024597
18.024078557876635
17.87623655648788
18.012320013057504
17.31045835581344
17.50702213734029
16.737955882356186
14.53748518205296
12.984109317213626
13.315316247260895
13.633791298054653
13.104918929926107
12.09105762165241
11.447147240210654
9.49384356386657
10.30584150085242
5.928164681205304
5.839637001801327
5.8784813027466765
6.459991895791871
6.392243719591715
6.431791419595637
6.675579476826467
8.96695289983921
12.391106392468759
16.53206916778735
22.76594085444997
33.716880039186115
43.41022642574501
59.803795284153765
68.85402489968875
71.90127169268473
73.99098685454176
73.66190640020014
73.07378801746299
73.84406973322331
74.18410005382336
74.51619624892493
76.68588824393169
74.21365537247964
72.8986756996545
70.394462966599
68.62453563338372
70.03246306419067
66.73090448411263
64.04291526851003
64.48049295499361
68.61414546258749
66.82122386730063
68.48524297969041
69.90067662095149
71.08051159041831
71.20369652156296
70.02492317027937
68.08905027342819
53.52090014939116
39.12384257348057
38.036650886990444
34.770202178801725
33.19428436884916
33.408580261262316
27.885897818811618
29.405732579806724
28.293868059397834
23.72296106875661
20.287673591129032
18.13559081112284
17.049406294754426
13.16895305150788
8.446299406226585
6.107103380097183
0.002693052266141319
0.0028603423481438966
7.536610754461353
11.607271674074582
23.37278515650381
26.053767085694556
33.799237277863654
37.48464089700396
45.27150490381517
48.55614375626262
53.60418043770405
52.98299171085208
59.02069192926452
59.91960638969684
59.3677108668038
59.44358258235341
59.50310778660136
60.81867563020907
64.4718844801249
66.70180813783188
67.74584250081601
63.16855949953794
52.92744286222427
64.48217186297047
63.7452842552965
67.85212865808775
66.55526029453533
67.97642810192954
68.19341788674471
70.65076836223533
72.59584755524234
72.94842006574979
72.15581129511939
70.2269198782945
66.50908324941508
59.40394759583558
50.67714595863318
51.95229089309062
45.5498545570774
48.38198614684377
50.94130568614921
53.018613771638044
55.97140205005115
56.147932877279324
57.0520315068773
59.1209288757033
60.61925290136827
61.1676370536395
53.96599488815777
60.132606278290694
58.66476041344031
57.509752254880574
56.65936819344366
55.423661090518756
53.78397180308585
46.74422836366029
34.8698400542347
29.765010558510028
11.897438329377389
4.825748677044228
0.05059629251088689
4.437782723043328
6.203600706984427
9.070271678731997
12.571036085852493
17.68820461835048
16.31808215851134
17.31120246654588
19.061591190928173
20.762637096516915
26.92468777240474
25.328667362317812
30.474600569566615
40.29336162357056
36.71390020753137
36.81716412445282
37.66576189001436
40.520050093868534
43.905231148280066
50.97920739148474
41.67263743167669
36.21677430608382
31.16991830115438
25.699058965200255
28.196365265638065
28.573403255353846
32.69358281268612
36.57778889011745
44.536250521688885
48.971696928094225
52.1218510624201
52.77864679054559
54.66164546552459
58.53912050566187
59.447308406564744
60.70871469170354
60.35696466659632
58.141672347161
56.08598927607968
54.447065423808546
46.407361894925145
43.36286304919488
34.59979784713309
26.69374048628603
19.437217821920388
14.468180641905667
10.200406722703292
7.836019655044745
6.522586414685167
6.282026928774677
7.756243966775316
7.515571122478603
13.520707813200824
20.991704294708065
28.89204078154729
41.59957384627374
62.79142075262478
71.9090863114696
75.03911522226642
75.76201218255542
75.55012402676188
75.61346099972307
76.1183317027366
77.95714934580698
78.26586617769621
77.85542449096828
67.08065975130246
65.99806222125643
61.21271063147782
51.33680267230968
38.68507116964995
20.816715044851264
18.904658939874086
8.213815531006261
1.772388851745671
0.7280330609532479
0.9180164492362937
1.726673788861119
4.56446616213432
7.789017113522838
14.94455464287123
21.80345807282358
45.55391115034643
59.15945363513122
72.93865385880973
74.98718804177136
75.46370429002486
76.46233638667984
76.69897864632718
77.57448091559108
77.75583332179993
77.05145490706643
78.77419580684624
78.67768312251428
77.65550914372092
77.85019901975946
76.72798337792229
76.76882471097362
76.96531501754377
76.27748877172226
75.79134146610662
75.24148219708987
74.9617400238343
74.72147527082636
74.75687393253985
74.4767032988555
72.35128099948594
72.95076741101681
73.08264630229132
72.8355015679971
72.66152101971655
72.81284361882875
72.94625605152734
73.71106970566068
73.79244578858956
73.11302888920882
67.56183862743066
74.54974168248069
71.28514752687946
70.66653196458492
60.85391221382027
68.43439556452722
68.14845541839102
71.07797918247127
70.13919261711278
65.86028356919455
69.5803385971698
66.86327006448103
61.603204885630234
32.5020695540888
16.52647116658479
13.756592608708218
10.252908789760639
6.167521452631763
1.7337426058841285
9.45049980038614
9.55918311105899
9.628025538536964
9.730598464490592
9.493926476540596
9.63105299512552
8.714946792123243
7.5078298941239225
7.2956655696130746
8.277439666558053
9.228297968202156
11.486249458927766
13.376891425792628
13.707849598762753
15.184138566214795
16.768792126303
20.51923657404469
26.477752142119687
31.17031809170233
34.70271857026106
39.37217827686437
40.5464771787918
34.77453130055357
32.91421216850785
