Выработка. Результирующий расчет
18.87184865447473
18.121484452531284
16.273043994019247
14.31346688888599
11.745194344818142
10.718961908462498
10.18749304295211
8.334516011489384
8.60998711675348
10.85092050282064
13.856868269568043
12.722327077311697
12.266167349344013
11.759414775258731
12.135290538839527
11.207478801885944
11.2502157954536
15.406917149420975
20.98203088841009
27.101215373640798
25.48662719794444
24.376071816148915
21.56396178160162
20.355296579578305
16.21715710657113
15.245478445406818
12.57702023729882
9.72031052688846
2.075670177383257
1.2493054029880546
1.4331400667452707
2.859218828266274
3.783389706995933
3.6848446429267816
4.412964581089296
5.426124593490098
8.054684244154718
11.495489853074922
14.84111423611868
22.08400443033324
29.4636888639406
39.06422666223493
45.00428247019244
47.84437396154905
49.986042021168544
51.991033848429
53.22656032394441
54.35398940219459
58.07820733259926
57.11740976126067
57.327031477784125
58.12291867331629
57.201402822119995
51.00148556890076
49.5222434984447
48.93265173657466
46.670804816244726
42.235023299419886
40.159583640953386
37.31302737448933
35.86725429768942
37.09011237991949
33.69455356680034
32.64728940436766
30.98937674433469
29.168541445782715
25.460944052827383
21.130227671078835
18.12372158696893
17.762100484448744
11.288804311244933
6.430479308382199
3.1949175864782893
1.0348653610275136
1.2728065996714455
1.2406490368570224
1.0432182453898595
0.557797598179147
0.4346403255160638
0.4209535475676705
1.1502099021956391
1.261863685690653
1.7115336681419413
2.1086852298410173
3.777654105822936
6.002426983777105
7.494589260280945
7.927063291044418
7.801215440905271
7.078981280682816
6.9123430330180256
6.4948069857947175
6.916725348904936
6.671945691204152
6.001439786105288
4.9665534534318425
4.526316680354107
3.472239967864957
2.459940667537184
0.488936185746486
0.0
0.0
0.0880307968670033
0.2714546994129786
0.7658309911606976
1.3123940909000371
1.6647462218707787
2.596835328504408
3.0200021332294407
3.761142500898234
5.738745488625781
8.624902504502026
9.822988130371185
10.265456714968836
11.215543929652055
11.88135773462052
12.87082069419266
17.26266403683824
15.544039428817596
15.269977718779812
17.75273546817487
21.42921111484438
25.8044978834936
33.61445238732332
39.80768945994246
45.33554919372547
47.2822586780855
48.09209181953071
45.65613785867132
51.63655858192069
53.82004611527515
56.799305598094215
56.110649821885815
49.823254117212514
43.13487885843696
40.53296443267828
30.6870926907655
27.327102208023447
27.093391664055165
31.80220377271024
33.00224132702576
35.57654481196859
37.39899395687346
36.11391955519344
33.468392130699144
31.89109432598505
33.74358989878816
32.98470292207306
33.02426790437732
32.30456221761211
32.625879555502735
32.903151144547294
33.40182431741149
33.733848535145725
33.43084527885572
32.30001648845485
37.245196316736845
40.444894141023866
41.87969437739738
41.1551743718165
41.00642023349824
33.2505678778923
27.7981580496388
26.14239285068125
20.76077622173091
18.337638551278303
15.643619591046326
11.253997094720308
14.650685607557287
15.49348903447764
18.316190335390075
22.60390167199338
25.075162018837805
25.90273432719336
31.53842463033727
28.93247764381616
28.345393815820124
26.64113677845528
26.92167071341526
30.113046874888425
36.14365408084836
44.37889571764427
50.48791976945347
52.06839261088029
51.446588627430266
46.7128129844567
49.56496915753683
56.13897408250113
58.55612195953634
64.11048342872306
62.828962132077024
60.30596429674584
59.0964868528803
58.61114783757229
58.59814425089645
63.02004933001332
65.1403103596106
67.084277788691
69.18375024650949
70.32177182704277
71.80618258953841
72.18886383089213
73.03690402863472
73.54371132121646
74.78779296392995
75.79729590576942
76.7188988050508
75.90388845372075
74.56321613862004
74.17297414918974
74.41310367492319
73.40411286376911
73.4729552923528
73.34159485079569
71.72012890076059
71.09463466418588
68.96387570731409
69.43819768649999
71.60305114842568
69.66561364486358
70.86686155711993
71.92240242858244
72.49748964273927
72.71314982315621
72.75144224608819
72.46084622721548
71.95245144965307
71.58961676939721
71.09078184943996
67.96594748737671
62.62973653316467
53.82087810372435
45.15157234780467
38.7201722596739
39.642550189636594
41.59341302820552
46.82808856689257
57.57070033098077
64.02524453582386
66.45265597185437
67.76955942097422
68.66852247635798
67.65086708980175
67.15982666590966
66.96799280000408
66.98436640293703
67.38558021658113
66.66582526702565
66.46243360948328
67.51337228792269
68.17005566702385
69.95608295416363
71.22801084020394
70.41873570774978
69.68889864542572
68.41402555653522
65.97418259082919
60.40815784564962
59.817872299252265
62.853398157673695
66.6029078738606
68.71702377944
67.0416360299072
65.69301523759691
63.038255306501696
63.56757415248265
63.769376116239314
64.27052589954937
65.20760136540154
66.11276069304112
66.68771671476571
64.67769177164573
62.935946738919874
61.52277363965074
61.65160147647322
62.347015483035136
65.18607586804498
68.05202324752179
68.18304639432898
70.82029914582351
62.66900562840621
57.36928872965756
55.39974908975064
49.60069491045461
49.5912606103762
50.39905912299182
54.485963432375584
56.29783405721632
57.52834263310488
51.18393484077883
45.657455216302886
48.35884925927895
48.40500682655601
48.74089867695214
50.93699355997032
45.575226548097056
43.58138332712655
43.58011136023651
34.0232081056673
25.9239841885246
24.72019616723464
16.976079260253215
9.528773524733056
5.182519338509148
1.539171067112125
0.8125908141888497
0.7333915004310905
0.526932477311754
0.6512263170649594
0.5802549405536234
0.2797115962229732
0.5682125802539103
1.6411323927651051
2.1164367399474124
1.960179971292728
1.7665400742144732
1.779539168613796
1.994403050119969
3.3859383998337758
2.720288661456174
2.933950406687234
2.697966469474028
2.112687852102129
1.2339356295070516
0.1587503248340818
0.0
0.3619299693505969
0.8734309449780667
1.2702864729916177
1.358136936903893
0.0
1.2295846260373775
2.0042599232356904
3.1589276909901414
6.412849534133108
8.840638559126631
12.14856451069174
15.739966841419658
20.834265494083965
28.10336404477432
34.05823543789131
37.83361925711528
43.24500374311668
46.19690696687783
49.46243496533608
44.100364797981335
16.58152960118975
7.555344743219475
6.746467100339966
7.540717275817114
10.343734779499265
12.479367163578154
18.33381012081854
20.54590312695154
25.353411645961117
31.247468725635347
36.90768638118466
41.807682010752
51.085514655522864
55.98840051055746
60.190281691444
63.94380775892754
66.97567562498925
69.10275955217446
72.68671478679812
74.45646807564435
76.3453662663833
77.11326279646323
77.57097042574321
78.00481249677219
78.04787553719144
78.39792554231536
78.41369941122103
78.2196241653676
78.34150043491972
78.06203507464363
77.64236709170373
77.69810035734874
76.70134949939533
76.6653260822148
75.41748325596443
74.90406304314298
75.45454505707445
75.98774465040847
76.43730545719711
76.52631207777337
76.6407464308048
76.87786473444352
76.87083149464719
77.30097412181566
77.29413056329018
77.4872897379089
76.82610100766125
76.42469128429883
78.55626289002024
76.2855136635268
76.71589302252994
77.0504124215245
75.88419668576931
75.36553697363452
74.55833630879023
73.47825493854864
72.15616563717539
69.16981527616296
68.99795109623062
63.8721398983644
62.97823807190082
64.17479313877786
66.7257398108132
66.12379214372231
67.80386518632649
65.19063234933515
65.9864008637937
65.34397622126792
64.01443668230792
67.02718201438078
68.72738668996821
69.81793681224435
71.300726638944
72.35256330159616
72.76616974649582
72.34668500300461
71.19567905328162
69.04785974662768
67.03898220354442
64.36961635909871
61.640813088492365
56.95325687199273
53.09592642683447
52.81536389090118
53.2857063041102
57.53125648001261
60.9593534792844
61.26546694171024
61.54206661618706
60.93884714403196
61.71926647725018
57.57970281620475
55.38477385051458
55.13714726085948
57.67705665155064
60.42096054660413
64.06948741532636
59.76578007082156
47.9830001856847
49.03363827098352
46.16068821688789
43.13771613142644
38.8789555132576
31.67956887779276
24.42071058634153
15.152660158663252
18.331789492319988
18.248132551788803
29.26405074532891
32.785559668088
32.41056066530393
30.992528158150936
32.11805071409498
29.75064418615612
42.715568568968166
48.36901300329634
44.27966932038352
43.16814590237458
39.14446498829386
33.82635990245707
28.34610358688933
22.05395141411266
13.609048480514756
8.415053163022453
3.57147131527678
2.06294907465429
0.0
0.0
0.0
0.0
0.1292379758189407
0.4650154518672549
1.4098756299605135
3.1791507751796093
4.644364857316258
6.176871059491842
7.574493519073268
10.973073114901906
13.163728682730556
15.745939138607303
18.540683356172373
20.68141219023072
19.07894054657464
14.957647406940412
10.933441439752976
8.410030082112007
6.244552175627139
4.660513500545696
3.502753607686591
2.6263313598955875
2.68994923758214
2.627769069367221
3.7555613031542494
5.698901508941633
7.118124016698441
8.250472926462983
11.964912724494576
15.90173982800506
17.97102389814556
19.73540819831784
19.607058466865173
15.244813068044657
11.78245760590006
6.931770064293821
3.5066914155917144
1.7056188450029142
0.354133635834174
0.3051073034870357
0.5240467851649087
0.6879574526189043
1.053737385969154
1.598399669949988
3.1783797209283136
6.055813743507275
9.788990969397236
14.227005464869476
19.99302080326861
27.13603792321322
34.857021104678594
42.661308406289386
43.90403378181887
44.68822279651204
43.14154995994159
33.057586546380314
27.363916925115653
28.85541323144393
29.385552047734727
25.673614295559123
29.796273804413524
27.344284035026824
27.20080349731658
28.691108773717023
31.12405687406628
26.12978220524552
26.994911040004265
22.736353739534103
24.538095729817943
26.28527317462828
28.628162352589825
32.30133806041547
34.10514862327284
35.87004152694675
36.12816154043047
35.27001495560744
32.7339979106906
29.32155690572724
26.041307089357502
18.162215522924456
12.825310581881315
5.457202940110931
1.6958809547088047
0.279322794755685
0.8369283408782744
0.8080584661270366
1.5342161183044796
2.247779344986695
3.1111497853225933
5.015387310094575
7.467045779944598
10.131241724928683
11.90087036686475
12.286722585807931
13.22919977908038
14.80052979860305
19.637340299723483
23.49216451693444
29.599435221694428
31.801281372669056
32.31512331689161
32.1225234229956
19.49270333120955
16.283137198973424
8.893795643490105
5.4196265406164015
4.275258673867563
5.695979889679608
6.315618860448375
7.32220433116487
9.323144304851908
11.402125698296604
12.055233048761568
12.520497839255528
13.014729505755671
14.653733740904892
16.79818092939314
19.387505021622644
25.04318701545575
30.767427435384743
37.82144884751076
41.57651152440555
43.18845338760505
44.530239700050046
51.4473966588997
57.93692602964772
61.532632717238165
63.7215276957814
66.77816305134934
66.72201075694693
67.39203972454914
69.39658045380084
73.14261785425789
75.51486315653563
75.72790037455017
76.20758786013234
77.29480791566017
77.87725526462519
78.3587846121101
78.34896336958494
78.23305171302607
77.99069511282903
77.23940137086743
76.82550687183902
75.66360653432066
72.5457607878829
70.67620920840781
68.487953019002
65.31986519157864
62.33489904201805
57.22122113020298
55.442086611828174
51.57141776740034
43.00092327692422
36.87157127331052
29.6085644211283
23.857102137560315
17.832269203343436
13.038503666147356
11.358332356362626
10.922772927339166
12.859021049631677
16.370321570369224
15.99689721692046
20.355138926122056
25.13759759847185
27.36890643827038
27.698093009321017
26.73594886560121
29.43126678315234
29.678270462444
30.194088865482616
38.14377253870586
39.84929392344705
40.516963249328654
36.70325470036905
37.13935925504515
39.20446623513217
46.38807038385869
49.36169570468549
44.65378384683109
40.7190611224217
35.584748739671014
31.06140944764514
28.68374883252646
20.963277567834552
18.047421749864863
16.058616412616388
17.358667487261
21.76929824225707
33.18251769293489
37.701256109511135
52.02318407997759
60.721257455401485
66.24674485139758
69.97417294169178
70.60796039269256
76.19375728427201
75.90421293490917
76.2162197808169
73.03657191710505
71.3780183456196
61.76587322170775
48.75055213159311
34.41900509138894
25.80926279058107
17.0340685608869
10.44965374245496
5.352433654947109
2.6483120380233944
1.9527303103313665
1.8088160911018911
2.126852734541884
2.9055078349723744
4.522793835634948
6.807492806237799
9.575050176552622
13.836634519305576
16.762559376834773
19.91290894614128
25.31815263634524
30.536880494963093
42.990533226603006
41.30704210425266
35.534173370460785
29.21074093725001
23.46157265073758
15.137292953949098
8.696598734036906
4.817353786087484
1.9956256641595167
0.1188425738777702
0.0
0.0
0.8592259684910988
4.259424064397994
8.866197942363724
12.129187989128663
17.477146461462443
22.969300614125665
26.0518497784874
31.71550479572671
33.397156663519446
37.38310061423169
38.91102685917353
41.65631937878709
43.73411052450712
45.55048388618453
47.76319855047709
49.149697512554354
50.41301599612739
51.28791780826228
52.50086891863712
54.10833808704172
56.74881050560558
57.86024445106707
58.13730438728604
58.14423542993696
58.76748909461997
59.19459625256068
60.74329036429283
60.4363371454916
61.692731164422895
61.26219154695603
64.7371708696158
64.57936683476302
64.7792748526808
62.95777229469138
64.21255798634002
64.37829162058281
64.93961816767158
67.42055912462365
68.17677370083602
67.45076265134861
67.33933410481582
65.43372853397493
62.90288699254724
61.58384259265272
60.358089585314985
59.17643630898005
57.39350795696071
56.41088556558598
55.54079982199784
58.00376398982988
58.21473522703791
60.715761821709066
61.80870139277316
62.3576873083673
61.53444069017975
59.89851567380592
61.94791032668281
56.02756751574056
46.25943475698798
26.751204859984153
17.077415163702945
15.543589172335274
15.6412668146186
16.322302375147192
16.36383003931826
15.98079667381176
15.492180509903509
20.91962583190956
24.34879160937213
28.48321073252293
33.189291411770405
35.77955957136211
40.71235421067146
47.38974789143674
53.56890426021502
54.76132691177413
54.91124315353599
58.0922782743293
59.5703738930362
57.70019252039745
45.273332471166114
34.37942908908962
19.808312425966754
5.1616534166013786
6.480450954582102
6.542048057220913
5.500962195196555
5.177655167463504
5.447442844988891
7.228906387871646
7.136981599057614
11.561407868428637
12.841170409414982
17.26581230122113
24.630522796851977
34.77225481871746
45.12351144488105
51.37751680090901
53.1936689968843
51.53142399363092
47.36185637315274
38.80885127203913
29.128608506856587
22.99490739669143
13.774218228624331
8.025490762871478
5.603960142729704
4.234619716760219
7.308659691251797
10.387496654869365
10.56809123044268
10.12126180947178
8.249024272432525
7.423150247730978
4.557813071847917
3.833235813657868
2.8524951853831
2.414546717959745
1.3368938288996506
0.0
1.6346236068680378
1.7268179628001024
1.6190087838883824
1.5055463539892973
1.090960180244626
0.9653392998278943
0.0345968128207696
0.0
0.0
0.0
0.0
0.0
0.9132141266937076
0.1122830533800881
0.6957645426660044
2.231980056663347
3.4699219842110853
4.704721268471056
7.169360806265773
10.973928986413805
15.172770590499203
20.957300562271
27.81239737048248
32.51668374175893
34.87280621289072
39.115072319462286
41.93753105871069
46.19931662687269
55.83618034507716
61.82906927243345
67.38605095444083
72.09874631581096
70.94176901568032
71.91269496363421
73.73061836284124
73.9424393595494
73.82696636615314
73.06399735053974
72.79982586686278
72.1985748115797
71.16164600441488
70.60819926858655
70.47837919073744
70.37071648720553
70.40124438797241
70.54346593561989
70.50596233746106
70.23929232803735
70.05530267211412
69.80217898042837
69.06440722695177
66.55806285654755
65.15523401994398
63.437793459326784
59.80731360013634
56.76876102276222
54.33978020497072
50.92824938014241
50.827600252144705
47.964596879030175
44.22709876572301
37.2782784946429
35.40241107764488
37.31174190389606
41.90905578389995
48.73816371198409
53.022398184281975
52.85457145423448
55.87846029303924
58.29767847587108
56.92641524994649
49.8517285580842
40.60435993316649
38.71242061337247
41.66938537696146
40.86001097809623
50.068042651485285
47.62060302930781
43.82205491159794
34.06108625240956
14.136013024889003
8.253267494896866
5.096193430196387
1.6612078176936058
0.4598065640797911
1.3989380396798603
1.5390557430621985
1.1173583159954796
0.9734036378670968
1.1305387218796552
1.153684210637829
1.6614265677405793
1.7536478619743403
4.256640314353558
11.76640844952788
19.94999527909396
34.81272667127264
47.19273823499945
56.04778028045634
63.41403459899456
70.30198816194493
73.5359654244596
74.5783526885497
75.22592692995804
75.14889828705952
74.54011755528988
74.09838614384421
73.66485507264277
73.84220676725052
75.40141202883908
74.39663832030875
72.68513882988819
68.3955876705582
67.76136390529669
64.49629399202685
61.99646820372266
56.18016478091949
58.20009610828901
59.00534875446145
57.526633169022006
60.636873105777184
64.91883450205239
68.85021892991894
69.86694418749651
73.35544364802911
73.79826842585915
73.14594003354625
74.62788426488027
74.92525108498894
74.47142256404351
73.89212492014488
72.47434140015086
70.14107646963629
68.61080715569734
68.68056843836008
65.85187619110965
64.43711826163101
60.828514637252106
59.72804655945959
58.62247902084147
61.019956693811444
60.75898293911304
60.36075812407261
62.1912935348947
63.21861045965102
64.68129173179122
66.06239841567512
65.1558742161423
65.25869657153422
61.876736946544
57.28020277988037
51.18852791659327
48.55802320485501
42.85927387970072
37.51924559676579
30.27780692260426
27.236946361936788
21.01886324741412
16.02852895953636
14.731854184223703
10.26799475009176
7.961302970067957
6.249093837549318
4.847457486418316
4.086093480072057
2.744589526033512
2.0458186405420817
1.91040136707021
2.505603035451304
3.573637542989858
5.236762750993272
10.316180151004392
16.122135199102402
23.42550484065189
30.8995932519977
40.0358042675384
48.24005590452132
58.66275750526471
65.15118815266605
71.07847421462544
73.35005619183227
73.21925010977739
73.52339019371006
73.77641392941199
74.55497093224436
75.45261261003044
75.86213837687741
76.06708411686748
75.8987183283298
73.53229618281186
73.84715622239996
73.3059289302497
74.16641492449673
74.68158111686635
74.78664014653813
74.80517486485154
73.19946220540429
72.35869162522111
66.57905876381406
49.45805358575348
35.42142188119791
17.474889071381284
7.669536016024447
1.7437554553575756
0.4668578614442696
0.3744083288441953
0.4666537554908194
9.294616422248232
12.999045781000198
15.788983866028182
18.871918866452617
25.030432108243843
30.808870529965645
33.5611765607943
37.17370133176909
39.08987689736848
41.068983532136166
47.529495480943936
50.34290326527293
50.883151762491
58.23272281013871
59.34493821309842
59.52435236273912
57.64013097016318
57.58853133944854
60.248300555606754
61.73409495973455
63.95279541626026
67.3921424048982
60.79930593296747
58.60413306851835
58.80771734764437
57.978365381968274
63.70575494127358
66.95800045235323
70.73524637223538
73.9149230864102
70.69602203354964
71.8016147974194
73.03503243894058
68.12688584778881
65.78496449564761
60.60147665829824
59.12371865070653
61.77368659101442
60.964358571637966
62.210544264558834
60.41082430975285
60.008837989491816
54.36369020186761
47.078468714802554
46.7385562052204
43.27822861971308
48.08762670121042
54.05026179343698
60.8288239906866
65.58891040356124
67.4136135459759
70.07720101484897
71.42132715122284
72.48716406480567
71.72353176398178
71.6152517533585
69.69291285043593
68.66817657187218
69.39883948515721
67.27040285319347
66.68314537635779
66.32256741742812
65.82519739439655
65.10987858486236
65.6176568797514
66.27822543641184
63.12258221718681
56.04738174413025
43.51161110346278
38.72222901939035
35.56703852080663
38.95872961192853
41.75369669394
39.5908111376059
40.309751921330104
33.750000462830926
26.42572159713859
24.086517590121975
21.07417722973839
17.94000636642093
13.93407259356368
14.859215035759153
14.452242147020913
15.926792902077878
18.12914653122462
15.435186763548526
15.64306455760067
16.466551841057143
19.14659032382365
22.056965585983907
18.362791542994835
15.8221848200077
14.322540787269771
15.589158900235656
18.45249315746516
21.835102375086038
22.885953845747167
33.88239416291142
39.13483284259376
45.78955558183129
51.452196894540606
50.17786261835402
50.35071229073469
51.3358819603928
51.618608874427316
45.27887693087214
34.22692189004326
27.635779948172832
15.019205475422789
12.155607576760207
8.647895289390116
4.60979666432023
2.3818145404110203
0.0553280406482678
0.0
0.0
0.0
0.0
0.0
0.0
0.0
0.0
0.6017206776910149
0.0
0.0
0.0
0.4528592874731447
2.312619982128398
2.019743535040537
2.369340231349483
3.9749442491370055
5.590655244775747
8.701713418025873
12.393958451545712
16.727404541904683
24.344731276447384
30.888279969203
37.0136837927039
44.27480128857002
47.51512560510434
46.512242969820576
49.306656405529665
44.16157155781801
45.34630749614036
43.3804411773305
38.26976661349005
42.24249278475471
41.59471221810341
48.362730411025794
49.36054280067928
48.15063712108639
44.02700507173637
40.953174722506745
35.562315015999104
33.73984696165629
34.14551613137151
34.37471610499296
37.49707267947867
38.98009986602344
40.10787466138628
42.37415609335624
45.7710864824305
49.23639661944416
51.96000262301744
52.35464927860719
53.176816015878096
45.51578405244214
35.84704869647163
25.129578658561417
14.747973640305938
6.772180282698585
0.0
3.4163683218883483
3.8690630758954274
4.367343620540391
5.1637267147959225
7.070705615395368
9.690284540291875
14.767265155282592
18.74174365371932
23.752192285404394
28.615483307980643
30.188930582776074
34.02942780275144
33.65163889693686
30.596869598448844
25.924510561845786
20.54719013685829
18.77782495649837
19.726734801299923
23.482039935275147
26.77881643938176
32.702907161563445
36.06489213388152
41.62306936385772
50.67154208564099
55.19309946035354
59.16912937593822
61.97539613022819
64.03997246880883
65.90792778958522
67.72661213150481
70.48574811651645
71.29921798294801
70.39759328562403
69.49899831084888
69.67589201403565
70.19444960993823
70.47351018223503
70.58701997548607
70.50778086165303
70.41159814687799
70.63896787280615
71.03084808826421
71.4208996314023
71.67221265101597
72.09587968890125
72.10132138785035
72.37487372819986
73.45667987148683
72.18737804514993
72.1007556263022
70.33480729187475
71.95794802999214
72.00915793140449
70.93718227274735
70.29956261306832
68.97247172286274
69.33805895583578
69.73398148284453
69.66732949090228
69.5943173955962
70.30814010866631
68.74334273911985
67.16930232505484
63.32230890992196
60.23128175628701
57.3981048903119
51.16660459116135
49.9893796477154
47.96042311967591
51.3220825233497
52.249462678234295
53.11990658837447
53.310322839766044
52.99331194784191
52.14589660801409
51.00593023737632
50.12207645630097
47.819553285813065
43.79964582112493
42.22517883899072
38.21377537273306
35.26816488775682
30.321787360770053
24.479717721384798
18.49338115374316
13.909851170269816
9.758148332194208
6.048195567004734
3.303961465442717
2.100051396671323
0.0
2.346585748219017
2.862379758074223
2.67748128717418
2.5117973655963546
2.704448616047982
2.724635641293497
3.5183785522494206
3.068431815849145
2.9443599942460525
2.620285506717245
2.329389840995016
2.650253124323143
2.4925324672889766
2.517216856057721
2.9022040743476243
3.579658761240833
4.260336510192475
5.633578354859546
6.577646737611607
7.090214906401628
9.449760569134384
9.691889750820824
11.390450515053807
12.832570501435391
18.161165331717875
26.04714428053976
33.07872366889418
40.621484249567196
43.84888026555408
47.41162975143118
52.887511643924334
54.02049839417417
56.33888229218534
58.79580108389012
60.58466174522725
60.70265904461282
63.10392052863931
65.66745636792416
67.20011587900316
67.58243631685289
67.81241430933868
69.9700720521105
69.57940128862228
68.51014631380605
66.74867758065903
64.80117196007959
62.92225731762655
61.03821477638734
58.14316958082093
57.4566575347343
54.05047540876271
47.887787970692
48.96464399874722
43.52167147941615
38.88117170839008
30.83212517703074
24.127077112209417
18.704265615445284
11.698228710683336
8.738703201853562
6.673282329255676
5.552244414299505
5.855344694589632
6.476589151591528
7.730743466721371
6.946631572579045
7.237590890493282
8.38869028184848
10.227982006241174
10.980830287964231
11.705002312471196
11.999203827884068
12.617054953158906
13.522068472019336
13.7868575004351
13.525369595461273
14.003144056619696
12.72515741511307
13.92195642286891
16.69009755975323
22.368695569509104
31.25409909125981
37.65756348811636
44.55383703427145
58.73041238099111
61.70634527312845
63.306437941763534
67.71822371896941
70.42980895812182
71.9089149514487
71.86198162192599
71.60556261006495
70.07743312540897
66.7636274122439
68.880524895054
68.84247390351925
65.63421924027132
64.23212813091415
61.91081166333144
60.07472779032986
60.14305563886058
61.89955726688396
64.26137204253752
65.4185935303091
66.74938652432019
64.28719950608037
61.98925221880246
61.38944027661571
60.12374818207523
56.798186531078166
57.54621648501331
58.46417936587239
60.68074559114668
54.837889452704296
51.77243062224886
49.732916191913276
57.46978713395879
56.55809504085353
58.22439301883304
56.722351623975385
57.37805342733881
55.22666363171693
55.53255494073807
54.85406224219911
53.32476724917523
57.73497898299738
58.21128151767248
58.887833552927866
59.29204607411841
61.30952203003008
62.98208154307119
62.99872742043469
66.38592570834182
66.54427697897421
67.16062175953527
66.09079302604823
64.9558313834132
58.30446724021669
48.41819318142791
34.362210021778736
21.52859009507793
15.37082756153783
13.318375121311872
12.210524815838006
13.663376900069355
13.635241788975945
14.94006939797459
18.50180875314422
21.228303543545078
29.109035831951505
38.18360037416461
37.551955924279845
38.96968325930656
41.81386182953485
52.03566999109702
53.81389859879853
55.7393699328246
56.632674374174485
55.95774063147071
55.95662652129698
55.42936126353692
53.841475478349366
49.695861952041085
43.17882043947208
40.58265625145569
37.69385864403053
39.28675956687896
40.9224342043362
41.36673720641939
41.20902273438512
42.9552714721416
47.78616311165863
49.007348532627844
43.65087257728605
49.82919402601029
48.47327328555791
45.69118317625686
48.007881149692565
42.909176975419584
44.91253575892647
50.66279423967734
54.48543213739986
56.62081819738749
61.05990365800804
63.04102809934761
67.1797977083852
69.69423898293697
70.12036069252754
67.70139786646686
70.20064893695783
69.93764684239187
70.49761455936522
74.49111207626163
75.53174667202335
76.34309327422488
76.25641335199678
76.95518652126754
76.74705962596403
77.02574491000273
77.2377849197624
77.09417282859116
76.81325230617666
76.5188272037271
76.33462144646134
76.4448298384838
76.61063301110138
76.73115221043733
77.07976990973522
76.65981801968277
75.30856539264839
73.06133458209955
70.4319262593907
67.04144696412062
65.99249618929824
63.95872905998208
62.830796659860496
60.58409247792226
59.31616041499285
57.75953051574923
53.87512483674316
55.35513421802682
50.990275878662
50.92542533536312
46.85597528377076
42.89302562988615
37.624882534181005
33.91280965158112
30.40290433780659
28.058306300196787
25.787402042688992
23.196049218873274
19.23064611528215
21.357631645401447
18.43580424301385
15.102360997221044
12.600652265843904
9.80067157787346
7.5255472370057905
7.24063768725091
7.486211488747141
7.220495487972741
9.360155743472186
10.50367966427039
12.559393425508182
15.781432990135873
18.800711589180544
24.170959593093432
20.765170086301328
25.168998814149376
26.26440231037277
27.460228909515585
29.162206631925983
32.607203450288544
36.03378256805159
38.76081914353739
43.86916887150368
48.00517777013349
49.08824880199407
50.02033859179142
49.714126620656586
49.28641405599875
49.972266884402906
50.170412504981954
50.7305852213202
51.087682791961264
52.4565694470403
52.40208098482758
54.604655625148816
55.29444354818461
55.92371613488879
57.59223037977787
57.93693078415435
56.84260687261196
56.815532122352366
57.15368229074152
57.81429617933577
59.222288821583774
59.89152779620255
62.62243603668168
60.004260798001184
60.09930437235192
59.98877647829137
60.18811002335246
60.360294681943344
56.40697175404457
56.12483043830774
56.90207741442958
57.53875371025457
59.62566843147516
61.1660759314519
61.52176415015398
62.07007099089554
64.69476244764523
66.97901731672988
69.02754597639283
69.74753018829259
69.95405930154656
69.20109942100711
66.22939662677884
64.35547875717617
62.65892167702378
58.28991150560329
53.57800932355288
51.856305069525824
48.55500278841726
44.7449681188274
40.1576838786471
32.17124757484736
27.28563431271348
21.80160650882413
16.966748860737084
13.650386836225316
11.85908054805212
11.63832343042802
12.87333205199405
12.319329528898916
9.845391758699323
5.758100164606243
3.266145343266338
1.0896036058060727
1.723842720437058
3.0031687028951968
5.824898946871377
7.190750989618989
18.200903196021976
33.365752250855834
36.36287528762249
45.64520099506014
51.77253434636876
54.80846038891689
57.15213546049486
56.7295134189851
55.08692022793164
50.71355593027749
42.70562813321301
32.72953277979931
27.177855526754
22.034342934716964
17.0822328489587
15.218586549804323
14.245298327349722
13.043907826410727
9.416555881260898
7.901578968446975
6.136245820501866
5.601185353438867
4.345803215931143
3.819090730501144
3.3821809744074103
4.124231029455534
5.177931080177582
6.949412995836074
8.039193256161763
8.445079649711797
8.26593926178823
7.144832563913981
6.06683025705846
5.361276621639445
3.9683117167756174
3.796410326836104
3.1422607982789548
2.17789546646429
0.3612629990314778
0.2125076874671879
0.0
0.154913000689948
1.941615689885941
3.323353609816442
6.785529587919333
10.115372999540815
14.39627440956494
19.31649707752166
24.21114833420081
29.460641247463503
34.64979206794253
40.2847483483266
45.7277300432978
48.654623298398775
50.82755584011844
52.84715131852377
51.43758326309021
53.02343786212457
53.037054690281586
55.89369760695565
58.96496999667589
62.43418133505819
65.00733830054786
66.96138108079698
68.18387416192662
68.90012702748581
69.759905626797
70.51267836862104
71.56087202910719
72.69594775479054
74.39422532823559
73.88701254499134
73.58443837064229
73.96342188543268
74.29090850881407
74.67797572998788
75.04936615071881
75.0660860303606
74.79901936397378
73.93435617838864
72.68065004519895
71.26139378278106
69.71199871505976
69.18983758145193
68.96252202467012
69.55716323107737
69.93267889666076
71.45524259034556
71.92387138077108
71.77191489643444
71.54932617449298
70.8279236136722
70.29816988194739
70.22767821906157
70.1931452763565
70.25948139148392
71.92743395759305
73.24444543726783
74.1133882203805
74.7318503308954
74.70359666112945
74.78105463333361
74.46573657566105
73.52059948395375
70.99019579612089
70.38090894452145
69.88771618415484
69.23256380258552
68.67833218315847
67.99560240332265
67.82849867393264
68.63827626410055
68.74285113758799
68.47905008822418
69.58551422285004
67.54639505511986
67.53859203684749
67.61082028903645
69.90923295174353
65.74808122586538
65.95071555721204
67.86232355641086
70.27745744647805
70.52967912056523
70.223008525869
68.93213975243629
66.25101823942448
63.66897355528438
61.18582901808777
65.24296511656246
67.31370568342936
68.53655659969144
69.87300866869383
65.42503363850894
60.291684056709606
60.087973640408215
56.00181924401321
53.32442005468448
52.62806245751107
43.2488528639388
34.28362250185195
28.07615404818005
18.93728602774313
7.958979039460881
3.880034010688852
1.5213511142099585
0.663562428573358
0.6831543489924043
0.859732902156711
1.7546436604455886
2.140037521317125
3.0001307830950954
4.047569958318922
5.7220469981383095
9.162195272912264
16.61255858012089
23.22378224845077
34.42290305669586
40.39736041050177
40.41745465176208
39.69974257626284
40.53643674679365
37.298668069572635
32.51711526509259
24.499934933274908
16.997381071025185
8.333167068861979
3.382029038327957
0.6340066435861468
0.189788691625026
0.1638232182105836
0.4058576213504923
0.955229942146954
0.8101613191823184
3.21814817959442
4.618709673096996
6.245800500981279
9.867082017067878
10.99058690083473
10.373546230347664
10.198543588424766
9.749802544690318
8.829054728750775
6.89705704511728
4.032058415502437
2.301495526784828
0.5045188502679132
0.231756864131639
0.2857099490721491
0.867942291909319
1.688551778828373
3.0513312468273472
4.366012071151978
5.33881861909457
7.187499086604572
8.016572822636352
8.379901534881386
7.631380519951469
6.808804326090009
5.69137761089744
5.479698232462517
5.541013470379672
5.35524744491323
5.655665787688536
6.45341175240031
7.349250714842158
8.623473874824269
10.858221057791257
11.415498448695184
15.229305025000272
14.79508033308954
15.403592067783434
17.534274979627686
19.156081595416325
18.21359248598012
18.02718168415772
17.866288183461922
18.008719413585975
17.32176004116136
17.49291613724498
16.711726224092438
14.561820044876084
13.00585779607158
13.296391780182624
13.58299176535439
13.08778316794456
12.09333877837709
11.38431263910171
9.500552620028492
8.410435392934371
5.934002786190349
5.836792890881452
5.869690377234557
6.462336960432307
6.390563694233664
6.431515682905288
6.675807965505996
8.972012158874179
12.393734673464031
16.535086416327534
24.589626154623293
32.77466007966042
44.85240067418631
59.73766776578971
68.81092834560444
71.873940431488
73.95049946128863
73.6099193568839
73.05993863179643
73.8208675804024
74.1569161733215
74.46578059008222
75.69383866627061
74.1837047278033
72.90307986764684
70.62841810628339
68.70443624261884
70.63918153899952
66.03188820532313
64.06209870813869
64.4942053961512
67.1439139752288
66.81729548711102
68.48138383154733
69.87803197474207
71.06464823797072
71.19388820815486
70.049986748576
68.13789129207082
53.66194915963491
40.45922602242775
37.42804425370584
34.96727727737712
33.07576827594579
32.881380924075295
32.087483416526034
29.17011875032929
28.114056420542607
23.53460841774896
20.250662440149807
18.105229865477494
17.0642072525934
13.187315009932393
8.46041628159382
6.114377966228349
0.0
2.323807731966603
7.532755489043025
12.112647266965556
23.3015602876888
30.261447852366416
33.656107341850465
37.42568621802105
44.13701000275354
48.43437607963117
53.287831766425285
54.923358507749825
59.03409249413856
59.892920340039325
59.2842868372766
59.36869040226713
59.47359402785081
60.67455441325183
64.38153924595963
65.56006247073188
66.92928253314282
61.33325725649082
58.77412962800016
64.59874340208773
63.76814464863543
67.24382097667149
66.55543798504512
67.98858403589065
69.73725912978422
70.64334028682943
72.5852564125326
72.93086741255843
72.12826252791315
70.22981022131604
66.52334542424012
63.7176149001994
55.75473491719005
52.255461444763256
45.490019909481575
48.26692772827316
51.00283647392996
52.9510253334142
55.80690044383898
56.19633937543092
57.074067231199045
59.140677942251386
60.62962821466059
61.17502836181168
58.16950785244329
60.13455416442964
58.66857235337093
57.51930871074424
56.646013292972775
55.403467823085776
53.75498397124146
46.65418355395041
34.80322897386809
26.10336199056859
11.970990299957426
4.844895393441649
1.1930791198454886
4.458416597041435
6.226464185838896
9.06683253886314
12.537939144643524
17.052637462432912
16.35076254184087
17.329311963409875
19.080324773128662
20.76811756493614
24.91437594579454
25.32258979363625
30.46727947668998
38.43870893999448
37.15700169630958
36.83660772522684
37.68023786522316
40.50400597890516
44.69805460170947
46.76703629441987
41.62770426186084
36.20049211211763
31.15103869632717
26.16942280891019
27.222510728430443
28.55485921774008
32.503937751298466
41.03181519639256
44.33039176466718
48.82246984671062
51.97480472312978
52.77331463832128
54.66866745528682
58.52407976799857
59.43516305830828
60.70715243031438
60.355290565571806
58.145128707483344
56.083334376474966
54.44343531008115
49.52473450332863
43.35077382669105
34.59232445297749
26.65517786485217
19.37580230763989
14.47146250839432
10.236352163953487
7.881576458150193
6.536947063802197
6.297884135846581
6.672642496231209
7.480757366135378
12.131430531607926
20.975938776043147
28.79522700301097
41.51593968650847
63.23499575914823
71.89449207518203
75.03607866975572
75.76188465567465
75.54996771764964
75.61339303301911
76.11825857977058
77.95621282187477
78.26321623494347
77.86708635655756
72.01947770077723
70.49191874091262
63.530132137735826
51.255420711752365
38.62578042000004
20.85844204015716
19.06757221656437
8.250653649964331
1.7761872451136902
0.72802877227429
0.9204558394911176
1.7392256309237193
4.569587958590039
7.759735870557256
14.93387210633901
22.01506577221604
42.3835295513828
60.86667707499989
72.93706080829278
74.98698698803479
75.46363917635259
76.46210339395897
76.69886624609136
76.88537546093008
77.75389158124742
77.04636888955882
78.77850999786115
78.67932943913787
77.68623308357256
76.27583770217406
76.72725227549262
76.77278529148887
76.96580819410096
76.27011346209102
75.81153467011721
75.26459195207012
74.96966026017614
74.72833391322084
74.7547390569925
74.47654821086437
72.77283549196473
72.94985764029659
73.08128423743196
72.83397279926842
72.65994197416208
72.81346456751142
72.93810193414137
73.69716658819593
73.77306432495416
73.10482620371397
70.35730199800592
71.93553242017269
71.29211894335452
70.60767219452974
64.75783352321089
67.58238357290271
69.90712621645278
71.00412952424195
70.06747513532183
66.23477079213065
69.53306925656092
66.82690753582125
60.744216557953806
37.252451333299156
18.69621429652876
13.76930704636632
10.251800414815898
6.129870362259977
5.986663664090759
9.440840479649731
9.555437595760033
9.62672204637894
9.73649127570128
9.505818478219332
9.649606798708296
8.705565636837749
7.498196942395231
7.325848946506581
8.332979562040304
9.279733232819757
11.484057383661098
13.327499628808308
13.776932386522937
15.140404159364603
16.75650731230035
20.436172219834884
25.026307012799986
31.06254893784339
37.14175113349138
39.34326618525166
38.49352641028104
34.75960779772288
32.91365421407945
