Выработка. Результирующий расчет
20.776824712999996
19.179285313999998
16.24920028075
12.8819023565
12.24784910625
10.8109163015
10.347157733749999
8.89573656945
8.894481453449998
10.558835235450001
12.255547417999999
12.573219356
12.438030169999998
12.162030895
11.6400069865
11.027723237499998
11.528686109499999
15.492160840499999
22.596736763000003
25.2365442845
24.8996200055
22.377371132500002
20.820807641000002
18.636146656
16.461132440500002
14.619416518000001
10.98525377555
5.1814881054
1.55906888755
1.0
1.25626461955
2.67448317665
3.2926709259000004
3.51977994105
3.7315857091500004
4.5129543321
7.42034594025
11.0639231471
16.121511351000002
24.7275188615
29.976239954
37.8813832665
44.657973992
50.1582434745
55.814699188999995
57.538603713
58.337567598499994
59.30145485899999
61.70827360749999
64.1157600545
64.4091344015
63.77801291000001
60.698203401
56.873406068499996
55.3095231815
54.242897065499996
50.3012778145
43.1576469435
40.547550142
40.853142065499995
41.1895320995
41.073500474
39.178379682499994
36.9569446075
32.91527191
29.858834920499998
23.7002126585
19.560074715
17.211272672
15.8421952755
12.65822786675
9.4181819833
5.084901786849999
2.5364369293999998
1.9975406966499998
1.8679453826499999
1.4445039164999998
1.0628973589
1.0
1.1580299007999997
1.9598834376499998
2.4417544889499996
2.7874653654499992
3.8974853979999997
5.9452950612999995
9.10723746585
10.023228244999999
9.998343554
9.22825938005
8.59542200185
8.468088899349999
8.50728630065
8.4473788745
7.847692629300001
6.7337660909
5.797846514050001
4.39037071065
3.4772569532000004
2.84961088865
1.2732591107500002
0.9534265030000001
0.9534265030000001
1.0
1.1568912683500001
1.9939083718
2.69754840475
3.14716301395
3.8103982443
5.41918087835
7.7471092106
10.379328144899997
13.477137619
14.617601044
14.599211816
14.697356930000002
15.7553491355
17.622417102999997
19.3946006595
20.480224653
21.0838079535
22.448380745500003
25.690777848499998
29.504839550999996
37.703401587
44.4020338245
47.907660444
49.722487249000004
52.5106179495
53.86396687599999
55.609995222
56.8204127285
56.934433446499995
55.47056866
49.441946504
40.874299658
36.167135448
30.2919174305
26.016781723500003
25.483804369500003
26.346475598
28.473446975
32.1324754895
32.854132716500004
32.5627496385
32.282674177500006
32.340651828000006
34.506905696
33.82866347
34.212125094499996
33.709847257
33.720724084000004
34.340639012500006
34.9675893485
34.888414982
34.403560351
35.3312672995
41.4686703145
43.191542626499995
42.739731086999996
38.7737465445
34.9223761545
30.3861646425
26.448817435
25.137074179000003
23.272378191999998
21.751344407
21.751702742
20.309667740000002
20.43355837
20.369667292000003
20.93676069
23.024570603999997
24.630802537999998
25.7415155845
28.746329495999998
29.865582449
29.7303297905
28.883210497999997
28.799483608999996
30.692710579999996
37.537710239
42.3355752785
45.681915293
46.06824848000001
45.86360213500001
46.533480409
49.4388179275
54.858310722000006
57.639835916500004
60.923250844
62.1990098965
61.869110461000005
60.605284307
61.146121799999996
62.1913503165
66.0419691735
67.1936431555
68.497115345
69.9008212575
70.5280492425
70.6560238225
71.3412497775
71.637738225
73.07893394000001
74.074652411
74.565201173
74.87702512300001
74.766568546
73.766765807
73.55084528699999
73.84785613049999
75.134894815
75.321191329
74.811701599
73.562482818
72.932320068
72.907878513
73.288050559
73.89525162499999
74.199704775
74.35811394000001
74.468367675
74.723640517
74.872290274
74.742877504
74.0788808685
72.92204303449999
72.5651842085
71.6349367325
69.75099814299999
62.665628440499994
53.867763208
44.30077011
38.196935217
37.719438878999995
40.7048683325
45.164732706
54.90290498099999
63.727615174
68.3185842555
71.138855488
71.536525558
70.817227478
69.03363796900001
68.764824307
69.056405797
69.474288034
69.98237412
70.08734053399999
69.7778374815
68.4730877225
68.231033696
68.43129777600001
68.67193670500001
68.36386024000001
66.01249045
61.5440618345
59.732562432
60.581720082000004
66.413569115
72.02788216849999
72.698542952
71.2467622795
68.9585893445
68.6517980585
68.7542622785
68.9285619275
68.87835253
69.04014568
69.77917767
69.5979231075
67.77234581900001
65.32047778449999
64.399637682
64.41026125799999
65.306675505
69.13964844
71.53943769
73.33135480499999
71.5450289325
61.71876797549999
58.844541651
55.426827841000005
54.8936803435
52.943513563500005
53.1497682495
54.807174045000004
56.006148825
55.817653148999995
53.045725741000005
50.8943910135
50.2320507915
50.5181369245
49.622688199
45.487252104
44.491051413
45.6321164385
44.091518256
35.9270325105
24.669400335000002
21.774366074000003
16.576226727
9.693727066200001
4.849518137100001
1.6247692107850011
0.6765437654750011
0.4896765672300011
0.48353271898500105
0.521182939220001
0.671084640070001
0.682503096415001
1.191184735975001
2.488840644175001
2.9826957613000014
2.920756723750001
2.3504923824500006
2.1700301891000007
2.4104449401500014
2.4212279486500012
2.435049628250001
2.171144186000001
2.1634983956000013
2.033029200500001
1.4087923160000009
1.012046042800001
0.9470621110000013
0.9427779438000012
1.5065752864000013
2.002357068800001
2.3817758882000013
2.246546809550001
2.705592512300001
4.390963216450001
5.819157282500001
8.224875857700003
9.873809148000003
11.553715247500001
17.0872866265
24.335457289
29.599635249000002
33.657046207499995
38.0262477605
43.185311274
48.991060669
48.939080569
40.27412304725
15.131932635500004
5.605733280650002
4.529307461900002
5.746226075900002
8.684319882000002
12.325788043500001
19.247525758500004
23.320637744000003
26.199381937000002
31.126553479499997
37.451524452
43.344958236
52.768787626000005
58.523590568
60.847370968
64.6532555435
67.918725545
70.117156405
72.970330415
74.65043295250001
76.445224645
76.7731555375
76.750022709
76.99095302399999
77.78611686899998
78.23428013499999
78.241014775
77.923019555
77.30668844
76.799132198
76.675439361
76.48193955600001
76.089859175
75.52331786900001
74.777627609
74.949335129
76.37895097
77.039672305
77.270349885
77.15064447
76.40760003
76.24301113499999
76.459569346
76.94768756799999
77.137893303
77.096117862
76.47819060750001
76.383872835
76.43701557
77.33432691750001
78.2539460525
78.10426582849999
76.031478468
73.69551191100001
72.81044551
71.134111964
69.487961822
66.1499411495
63.81158863300001
63.93841017700001
65.15656795400001
66.36761231150001
66.8813505155
66.9368715825
66.65519618100001
65.688545196
64.532754573
63.441508083
63.842397366
66.167341111
66.905392665
68.3505634375
69.7905570575
72.38565070850001
73.02697127350001
72.613267741
69.9592307725
67.68445122
65.6793197235
63.340374510000004
61.329780253500005
56.039280710499995
53.22291754
53.262277141
54.98989545850001
59.606546699999996
61.260713821500005
61.535943132499995
61.67734585250001
61.298086152500005
58.27940164650001
51.744173114000006
49.335656946000014
49.94596430700001
55.0436296475
58.57593381950001
58.653653948000006
55.5489412435
48.064105342000005
43.434615716
38.596844318500004
35.660522777000004
32.26862794200001
28.040813186500003
23.9789468035
21.124775331500004
21.450767474000003
25.642217928500003
27.591585174500004
27.717660188000004
27.131735137000007
26.400376254500003
26.260744512500004
27.495797858500005
32.3746617975
33.741689748
33.653059756000005
32.557592713000005
32.285724706
30.587858345
27.254081113000005
21.251511732000004
14.346463312000004
9.031659979050001
4.7570460103500025
3.170999383525003
0.9277644161060026
0.4840313898560027
0.5717629346060027
0.7469030009600026
0.9026918291450026
1.0547766739450029
1.6086543117000027
2.1334172625500023
2.6397211742500026
3.6715126249500027
4.841100324400003
6.945206641300002
8.45435015105
10.782129555000001
14.005702651500002
15.293829323
14.999545638500003
12.281435556500004
9.818757585000002
8.281921081050001
6.9758543633000025
4.613778400700002
3.2858649445500023
2.937947684400002
2.743058997700002
3.3800454792000023
5.290366667550002
5.822905906750002
6.112618034600002
7.566201923750002
11.045868665050001
13.098630125500001
14.454979043000002
14.821476575000002
14.4170009555
12.462108780000001
10.088251789650002
6.563284881850002
3.6879909499000023
1.722599768225002
0.9226648894700022
0.8488998281600022
1.0135563839600021
1.2102054908800022
1.9191757549000021
3.400889028450002
5.554589245050002
7.803238569850002
8.692959463550002
11.114597895500001
15.647572745500002
21.145602203500005
27.604602363500003
34.48119833850001
37.01687124950001
37.770624199000004
36.381263852000004
30.759217259000003
27.858225194
27.937984059500003
30.721295218500003
33.732370364000005
34.24177070900001
33.865082972
34.503713498
35.178036968
35.0570407325
32.722617239499996
28.621770652000002
27.199773305500003
27.381333694000002
29.575392649
32.3555271755
34.362867949999995
35.43942666800001
35.247880694
34.312153601
32.660980943
29.273470279
26.860319298
25.227902897500005
20.398092257000002
13.579667918500004
5.991533533500002
1.632899747680002
0.9785570192200019
1.065389354120002
1.5555824902900022
2.1699305655000023
3.2461594542500025
4.933777559500002
7.414669666250001
9.745934641250003
11.362806832750001
11.686849648000003
12.515799279500003
13.838434745
17.8315469455
21.911916500000004
24.124367343500005
26.0973761515
26.668060750000002
27.8401785715
26.028568667500004
19.331384052000004
10.640562204100004
7.273854872700003
4.978054368450002
4.654263979350002
5.096020847400002
6.035561404700003
6.984364082250003
9.489504184100003
12.814728701500002
13.390853542000002
13.276306513500003
13.779275626500002
15.706579004500004
16.992157626500003
18.446346001500004
24.210862747
30.725552095000005
36.418765643
37.776283484000004
39.469265916000005
42.437704983
49.836678245499996
57.81151733050001
59.7569493595
61.766118143499995
63.3079595865
64.192650824
65.76871843400001
68.45999773900002
73.44961836850001
75.624342393
76.449607018
76.60651059400001
77.264598041
78.07181530400001
78.2581684175
78.5305238775
77.9481495125
77.342256145
76.748502865
75.574118354
72.211987452
69.2875335895
64.9271025695
62.3082724855
59.91090945949999
57.7570497335
55.682062034000005
53.838431661
50.30943699400001
44.29993736750001
41.578234106
35.552362108
25.8628508365
15.68024511475
10.260383938950001
9.1498578942
8.850335816950002
9.63373005
12.2492580785
14.356777355000002
18.209528192500002
23.5172735125
24.33099886
23.381019337000005
24.322218334
26.249173937000002
27.683320104500005
29.514669545
35.481354864
37.85228386
38.348291079999996
38.74205986450001
39.611116873
42.729011145499996
48.2834924455
48.331860385
43.6873542815
41.72918312600001
39.160163495000006
33.285049042
25.4641270455
20.5751303825
17.577204641999998
17.537287606
18.417033642999996
21.541120031
29.511646292500004
35.759736361
46.5925771745
58.339214799000004
64.816132141
68.8122165845
71.72272125200001
72.41495646550001
72.30566807200002
71.261634276
69.388032002
65.776393982
59.4310091685
48.25761088899999
35.9136527755
26.4434463245
19.254658895
11.499050606
6.9756180245
5.168681762349999
4.4357091191
3.6902677976500002
3.5172398842499994
3.9170046772
4.953692151349999
6.6112407929499994
9.1737241059
13.913197810500002
17.4379348835
19.662756486
23.705836910000002
29.767333177500007
33.399192804500004
33.572124392
30.698719718
26.144473986
22.400940712999997
14.790885672999998
9.266751659449998
5.7913898133999995
3.5532743893499994
1.4006373916750001
0.89615548665
0.9696825021
1.8153241095000001
4.83265011095
8.20412255475
12.1553100605
17.552854024000002
22.950110512500004
27.6322027565
31.333693038499998
32.417896921499995
33.901477055
38.834044694
42.17945621749999
45.616739022999994
46.297587022
46.795295404
48.787279455000004
49.087109055
48.848007737
49.542216898999996
52.824786773
54.565110759999996
55.747624777999995
57.443682349
58.626042311
59.8653454465
60.806758607
61.32951302250001
61.390404957000015
61.78823744900001
62.761704423
63.327937359
63.275474139500005
63.34694762150001
64.016780016
64.3964532765
64.60886470999999
65.5583717
67.915175815
68.516418655
68.180778168
67.82728303900001
66.86109971900001
66.026609062
64.995993421
64.3348007635
62.632100958
60.6064979305
57.850553009
57.472811699000005
57.870424458
59.72428953299999
61.691529904
62.0143084825
61.88345556300001
61.842255337500006
62.445072103
62.14602163000001
59.587523403
46.331966793999996
27.101205297
22.369857325
22.0618631665
20.889603604999998
18.515000686
17.6563663165
17.792582986
19.4992215715
24.2312236285
27.7311354065
28.96209237
30.626827270000003
33.1095179415
36.3650268465
41.383802785
44.2464547055
48.09192899600001
52.17072967200001
54.402145594000004
54.0045837865
50.356517702000005
44.373738086500005
34.629323341500005
17.259310005000003
8.8667379685
6.663870667000003
7.754750710750002
7.224768389800001
8.272937811300002
8.814834321300003
11.974609148
13.858121806000003
14.962068210750001
16.8373076365
20.464999899000002
26.874439449
35.032860658500006
42.365804572
46.19729968300001
47.19715883800001
46.013609446000004
41.27598916800001
32.07478234050001
27.423589566750003
17.189555214000002
12.579936399250002
8.7137733335
7.373362013000002
7.643556084500002
10.293799133750003
10.971247967000002
10.284990928700001
6.449268646650002
5.6699262523500025
5.513198885300003
5.540915271700003
4.970047972850002
3.665656939700002
3.1602359431000018
2.6405841727500023
2.4408217285500022
2.418966483150003
2.546630815550002
2.2989447353500023
2.2155079331500023
1.7738012787500022
1.543358349400002
1.0936974286000023
1.0
1.0
1.0
1.0
1.0
1.0
1.0223406857500021
1.2750513273500022
2.284213825700002
3.955367208300003
5.072553089000003
6.310669089550002
9.271105325100002
12.168667900750002
15.900348460250004
20.97130123025
25.957512476000005
30.370576788500003
33.3512023405
35.139521495
39.414823749
47.89544951900001
58.424134087000006
65.389068237
66.888893505
67.8475996925
69.4055635325
72.2966722315
72.8076472865
72.665953304
71.73772921100002
70.94031444800001
70.486521923
70.06436825150001
69.90115621749999
69.614255784
69.674988564
70.174234862
70.54132077700001
70.55334414100001
70.33835800450001
69.3806966715
68.792209004
66.63355574100001
62.6004871965
60.803078158000005
57.741113716499996
55.10724652099999
54.27816610600001
53.6367162745
53.628640514500006
52.5466881605
51.06041612600001
46.09507854
42.33193551400001
41.670905579
42.520625522
46.886449490500006
47.983126498999994
49.8129938715
53.6604693485
56.437138194
56.55378932400001
54.347267575500005
46.29295899
39.545052850000005
38.457357564999995
41.53930943
43.184908867000004
43.0536598735
41.339841152000005
37.5281881585
26.290717528500004
13.133271862500003
6.704778313500002
4.377328889000003
1.5616538845000023
1.0
1.2225691403500023
1.2225691403500023
2.3497671625500023
2.3625129285500024
2.5816869581000024
2.862559870400002
3.2824624844000025
3.7755360392500026
5.277441197350003
13.730824939800002
24.370738103500003
32.9767307345
42.086532430999995
50.2174864985
60.74243343399999
68.5862744245
72.85670722750001
73.80071949750001
74.04126309
73.9619850625
73.830764185
73.432170773
73.30593893900001
73.253014847
72.72305357350001
71.0630321315
70.420876679
69.210410291
66.389072519
61.126343358
58.065811647000004
54.403085867
54.0353745395
54.712726810999996
57.585647406
59.6439364715
64.22823511050001
65.4980108325
69.10963515
70.45446773
71.999072365
72.18910943399999
73.09287185400001
73.264301157
73.429810653
72.56994148000001
71.1213975375
68.311931
67.6899875
66.386152025
64.89279509300002
60.98260406850001
56.1112881755
53.90139544
51.310459940499996
50.611406824499994
50.5849962075
51.4846681595
53.413352731
57.01641751700001
58.966582889
59.4722829265
60.4818879305
60.5382387935
60.1331099335
56.577761394999996
48.819306821
45.999553803
40.228512962
33.518587175
29.954518895
25.497932939499997
20.472708464
16.01497680875
12.917613351000002
9.73099486075
7.941670104949999
5.5817150272500005
4.42362531425
3.2826362901
2.18369554215
1.90381540045
2.2602297790500003
3.70181582595
4.98167429435
7.4194312934
11.962757518450001
16.817302536
23.887104546499998
30.195332264500003
38.104137588
47.738277279
58.188467602
64.7073094935
70.755406524
73.319218046
73.680280025
73.740779285
74.201878195
75.436579045
76.33018677999999
76.74673297500001
76.611644004
75.316964622
74.873545589
74.8598805275
75.295750745
75.23925677000001
74.7635209485
74.36005770350002
74.015389173
73.33604319
71.376263075
62.0929320925
40.791422404
30.362780541
16.740810553950002
6.602595982475
1.7122190494000002
0.984734997965
0.98536778909
3.09376324549
13.114022217000002
15.4868877
16.95189507
20.7500532755
27.797936122499998
33.352605907
37.602122288500006
39.286123164500005
40.087176274
41.91117532849999
49.007805081
53.67163372899999
57.5991754155
58.552266374000006
58.70415710700001
58.4349821255
58.647154690499995
59.595134875499994
61.265575807
63.097417034
64.611694688
63.452220548
57.5610059955
49.084323620000006
48.659676323
53.710151952
64.974635579
68.88404069699999
71.61393772999999
72.821951579
72.933314993
72.456091602
71.747791144
69.32000304900001
63.730787082000006
56.10593453749999
54.778458709999995
55.978394588
56.699050537
60.679669657999995
60.770517397999996
59.027859528499995
54.9048122465
50.828993593499995
46.17662270849999
44.61181259999999
45.290474618999994
51.056157006
59.757214374
62.434499032000005
65.631927228
69.105173232
71.58032233
71.96307600400002
70.94521923899998
70.84205562899999
70.275846377
69.659535461
68.581039061
67.70150480999999
67.83754297499999
67.0416674855
64.647461635
64.2657011485
64.34491350249999
63.0699842425
58.24698015599999
52.2901223855
46.1881365875
43.471755641499996
43.486054456
45.08928774899999
45.539649798
44.23432771699999
39.944127413
34.979076824
28.169960580999998
26.604217046499997
26.669153891
25.5986292065
19.8573883305
16.114415617
15.033975677999997
14.683971337500001
14.612545355999998
14.427788927999998
14.200311963999997
14.990128286999997
17.410831106
17.733474430999998
16.6438951545
15.759971884999997
16.049584438999997
17.885724553
19.649388495000004
20.7262197365
24.295213852000003
30.368659594
37.047026407
43.5372356875
46.40562846900001
46.943763168000004
47.2710803665
47.316447658499996
46.573728419999995
41.6231139825
32.2059990255
23.386897704999996
16.355537571249997
11.2131043425
7.262106776049999
4.301673330149999
2.5337300887999987
1.217494637349999
0.8542947411099988
0.807633783909999
0.8073228915099989
0.991765754949999
1.445389592849999
1.7241319696499988
2.034964100849999
2.1548994912499992
1.9926182400499992
1.200802772949999
0.995429080899999
1.057856485599999
1.433866415649999
2.118646545799999
3.206574517349999
3.7794002526499986
4.980559225749999
7.363407509599999
12.4772337635
14.738007751999998
18.05145863
24.8951029745
29.990995810999998
33.014755955
35.913439118
36.517235567499995
36.379938857499994
34.5253918355
33.082953806999996
33.4888981875
36.4983773055
37.7439400965
39.364665451
42.8648607375
45.832836082
46.256917447
45.362078584
43.492740606
40.010752780000004
35.1631675665
34.1517607335
36.02904087
37.102608404499996
37.470209957
37.413988034
37.043028574999994
37.075010003
38.3741593055
42.018126644000006
44.13535198700001
44.316104027
43.6579929365
40.663680015000004
32.40094846900001
20.1479572455
11.5679782034
5.6336667802000004
2.6036422041
2.14300720785
2.442351124
3.0105671333500004
3.8434499997000007
5.1748582319
9.634023955300002
13.6363104025
16.568703145999997
19.879367483
23.424073905500002
25.4896003315
27.0202222515
26.942383754999998
25.437294369500002
22.181697937000003
19.101726200500003
18.7244668975
19.405182134
21.022143711000005
22.707128339500002
24.9629337525
30.813896868500002
38.12690145250001
45.728344156999995
49.142521789499995
51.162756672
53.9087776985
59.3687447985
63.631261766499996
66.9588718655
68.632224517
69.10268858949999
68.658306697
68.160707013
67.912132572
68.03920515099999
68.196013333
68.39374576899999
68.73227889099999
68.924075323
69.30847604499999
69.883409215
70.19494883499999
70.207030489
70.332560056
70.374210235
70.33983964000001
70.221124363
70.162658319
70.152975984
70.08695934299999
69.95854334
69.761688205
69.026428596
68.145465551
68.09398384850002
68.7769242275
69.3316999125
69.5745781675
69.66788703499999
69.359938064
67.139832572
62.949217722499995
57.782507834499995
50.8288454125
44.35576597749999
41.504657478
41.7081476265
44.220253447000005
45.290544571
45.8298727885
47.3249499525
48.51609352999999
50.016117273000006
50.00334855300001
48.374267404
46.2489848985
42.803335952
37.942828436
33.535260574999995
30.582834319
28.564279495500003
25.817559746500002
23.239118961000003
17.181432959500004
11.929296793000002
9.280527559500001
6.587937150000002
3.9699238463750017
1.5779810663500018
1.196651039200002
1.429496302700002
1.534134282650002
1.549705701500002
1.571400521300002
1.769850685600002
2.355276096900002
2.564552280150002
2.659271536700002
2.296702184650002
2.170333305500002
2.109720000650002
2.255599753500002
2.606273090150002
2.652542078300002
2.9244708106000026
3.5995642336500024
4.583843292400003
6.137288317100002
7.9466591109500015
9.136071492000003
9.485229421750002
9.931379587250003
10.710618146000002
12.066260480250001
17.23787193125
23.571270366500002
31.372210535500002
36.4460491425
39.734721133
45.705070574000004
52.172065556999996
54.091721160000006
56.548165287
57.42667886300001
58.766899792000004
61.08048077800001
64.443201438
67.67896803400001
68.55025208100001
68.80542245699999
68.99400338250001
69.327586889
69.66907139000001
69.63482807150001
69.021891361
67.2385975405
66.06655411749999
62.544751101500005
61.63522348750001
60.031065218500004
54.042857263
46.467608394500004
44.14388195
40.541778640500006
34.970525274
28.3233308605
20.947576580750003
14.206181332500002
8.938109762900002
5.857371401750003
4.557250463300002
3.971361881300002
4.160401203650002
5.668474123400003
6.042831717800002
6.117275927500002
6.477869632000002
7.326185275550002
8.873147097000002
9.890457827500002
10.201082636500002
10.178397887500003
10.351397057500002
11.414930708500002
12.034564191000001
12.158239872000003
12.548061486500002
13.4950599175
14.634813156500002
16.9423936935
22.387645106
31.364274153500002
37.858380069000006
43.809175986
54.98745635
57.479650698499995
59.362401293999994
65.183452071
68.311581364
70.10278330700001
70.29296158100001
69.394916316
67.272190078
64.988621951
64.99984420700001
65.800059499
67.8653701435
64.99356554350001
60.9733179615
59.595361366999995
60.672027197
66.5194877695
69.676167034
70.21978214200001
70.272338018
69.1684788885
66.73395285550001
65.753414801
63.915129691500006
58.692336642
55.9044927305
55.258567600999996
55.4090613755
54.9045095795
52.3853086165
51.4020138085
51.2340861725
52.8396869755
52.4501036975
52.8552349315
50.787351951999995
50.063496304
49.899214713999996
51.03755309099999
53.301511003499996
55.6862093805
57.2227242705
59.0266115875
60.4364588395
63.44425978699999
64.87006126749999
65.62244201499999
66.189924018
66.079000812
65.141336115
63.61147494899999
60.750658814
53.697462876
44.41849995
32.350361782499995
20.56546037375
15.366577340499997
13.95088930725
13.8498894885
14.281896454999998
14.924035836999998
16.560716395500002
18.587827077500002
20.581349767999995
24.418789203499998
31.031396993499996
34.049365991
35.507366964
37.2649840265
43.2602851785
45.46105011549999
46.742919588999996
48.19174275149999
48.7671979065
49.636115694500006
49.7487323495
48.8759983465
44.860374736
40.7269264425
36.264148146
35.1034246975
34.1285165015
34.269980316499996
35.2873897795
36.2349061205
37.025351648
39.4660454695
40.0486636735
40.226320861000005
40.4637326175
40.179740998499994
39.1222363425
37.54214282699999
35.1065772855
35.3797368
39.773274922
47.600032360499995
51.7972999335
55.762993762
58.36835798
63.32487620200001
67.318836875
68.113624069
67.818282845
66.52831089050001
66.03842660149999
67.0061936495
72.1541526485
73.97737941100002
74.4040762665
74.765829226
75.32636077800001
75.461172775
75.513335959
75.49432383249999
75.7278341225
75.5896928775
75.36410470050001
75.2986999515
75.3433569915
75.8424639365
76.14410054749999
76.229996757
75.9778164135
74.17588961799999
70.770266016
65.408694049
60.0056333245
57.703209261
55.7382939255
54.7893234475
53.76354270699999
52.782251949499994
51.932630982000006
50.178480823
46.591976264
43.2827655135
41.878138858
37.7892300065
34.096361001000005
32.485817959500004
31.7175045825
28.80408895
26.016005247000002
23.528656343
23.089637357
22.657317493
22.149147065500003
20.2758426605
16.2556377945
14.2733126455
11.0040402775
9.679452038
9.190855959500002
9.3420830639
10.446866992899999
10.6219852449
11.346640266500001
13.6080964135
16.3791081245
19.2927271
22.2193638455
23.092149954
23.52114066
25.012697351
27.015439670499998
29.039713955499998
33.7232118725
34.985643862500005
36.807963605
42.213100178000005
47.3090845455
49.5568255885
50.01213867
49.6191071745
50.284094292
51.114958470000005
52.0208332855
52.493988245500006
52.850718294
53.0218831845
53.639077758
55.04510909700001
55.57651834650001
56.9409609795
57.8773301395
57.249942625
54.77874394050001
54.130429971
54.388816909
55.541589383499996
57.5639108935
58.56742767249999
58.355234724999995
57.94056483999999
58.099764465999996
58.400747111499996
58.45263553849999
57.9541419845
57.069632331499996
56.940525807499995
58.01249683499999
60.8995472015
64.38416896300001
64.97197517800001
64.96150539599999
64.8016772805
65.32190818199999
66.65549152050002
67.838108
68.925750425
69.54750167399999
69.209031555
67.100675642
65.546457256
62.565104328
56.2582137035
49.122966233499994
46.74370496050001
43.454059367
39.510804785000005
35.015473204
29.556817497000004
25.552925607
21.931915365000002
16.8796962045
12.0477810565
11.352378037000001
11.9356582085
12.853278407500001
12.582011323000001
10.055614799350002
4.9847123375999995
3.2461110067999996
2.82097360195
3.0001635997
4.965613283150001
8.51914475805
14.739765810000002
26.194565469
32.284798178
36.094033581000005
38.421685647000004
45.932083424
49.224369104000004
49.754423574
49.478863028999996
47.295368724
43.52717982
35.490583532
28.9845283345
24.956720362000002
20.087859071500002
15.6504141385
13.466588532750002
11.326398262000001
9.44772846075
7.43589163705
6.711333947449999
5.5418986851
4.8308844775
3.3479034632500007
2.72829289225
2.7239916244
3.0513902533
3.9081755650999996
6.226446268649999
6.98219383825
7.65532402575
8.008209384450002
8.0368904571
7.7360156671999984
7.149605678
6.036796214699999
5.72359649745
4.8546909213500005
3.1096754232499997
1.2893483071
0.97060145565
0.97060145565
1.4250869062
3.7413994534499997
5.66524760785
8.73984841595
11.542182118499998
15.361552165500001
19.8844143875
24.654467821
29.213131871999998
32.68892004
37.3920660605
41.391947168
43.200214281499996
45.8548057265
46.7310441935
47.53655065
49.762148848
51.0537116615
52.7545840825
56.82673997250001
60.82147584
63.755328732500004
65.34755048000001
65.733696185
65.84796931999999
66.2906448415
66.978333372
68.4544999115
70.2300558
71.8834997
72.6091148575
72.900759551
72.97279279300001
73.183346446
74.013115875
74.92323727249999
75.166585991
74.95158334999999
74.13075126800001
72.587408319
70.646397145
68.923822072
68.7673137205
69.1179775295
69.5961440465
70.065422583
71.74885523
72.20929702000001
72.08240173
71.28581311750001
70.418922838
70.06486027900002
69.96378853899999
69.99739485399999
70.5280253755
72.05442886750001
73.69702299949999
74.37603083849999
75.29607127700001
75.83249976100001
75.9005324635
75.4668053985
73.18726148249999
70.0077475735
69.370540678
69.382448542
69.25126897300001
68.616014401
67.899278084
68.02165466
68.9777710125
69.153674601
68.374977675
67.75836051
67.8122312475
68.45320005300002
68.524006662
67.83245180700001
66.27350558150002
66.1656895625
67.44426707900001
70.234101368
71.8153665595
72.242299954
72.069227743
70.648696146
69.56192443
69.7832053075
71.7342112675
72.36999888
72.41573048999999
70.66579882949998
63.0463851675
60.87894487349999
59.500206448
58.420263014999996
55.143535625
50.137360308
42.00613327000001
35.5298328465
30.650641641
23.4731234825
13.2611383765
9.988191193550001
5.431364982750001
3.023120195450001
2.7512815583000014
3.128982410750001
4.831424186250001
5.592846553650001
5.791975407350002
5.751323243150001
6.136585234100001
8.38813574325
14.738869400450001
24.6666677725
31.997110898499997
32.908400309499996
32.057687090499996
31.484792518
31.888226074499997
30.525387873
24.571236938
16.472055498499998
12.1637101272
7.64678280415
4.3819337771
1.63722875905
1.0458091273
1.0299474284499999
1.17925325195
1.8070694101000004
2.3452551573500005
3.5828594584499998
5.1425530327
7.386069357099999
12.3213355997
13.1259951575
12.451686022499999
11.133947930000001
10.780102959500002
10.357180052
9.076950991499999
5.15790610455
2.8836147953999998
1.28350379155
0.982201967605
1.050856113805
1.555118227505
2.6378071053000003
3.6333864764999992
4.65095448135
5.640924257350001
7.732335091949999
9.10485990055
9.19985882365
8.49769740615
7.63376135655
6.947254912350001
6.763816220100001
6.5436552893
6.23513795275
6.409412741500001
7.0601261917
7.7142280118999995
9.08112751395
9.83135632305
11.584566188
12.247009620499998
13.4454663595
14.683230959749999
17.79981531325
18.384643963000002
17.684237695500002
17.280193827
17.16907589
16.683702782
16.069132894
15.720970258000001
15.352233298
13.635453912
12.855240873
12.5372430255
11.9374583295
11.114064413500001
10.943510227
10.423129021500001
9.57038295645
7.8265648371
7.2523342092
7.16100621375
7.09713767825
6.5627285044
5.1359640702
4.32344460955
4.404180891099999
6.15768890145
11.29473547245
18.8480645485
27.5791194185
36.12223963300001
49.4982932245
61.71218560700001
68.31952747100001
72.036936779
72.733154009
72.70186177299999
72.840110692
73.667828912
74.14855114400001
74.72699938
75.07654113000001
74.754603
71.723074798
68.40054944799999
67.231912528
67.799345365
66.6225601805
65.0027627435
65.49416469350001
68.7662542205
70.10928397500001
70.799437
71.52405482500001
71.459046985
70.13532927499999
67.575449355
63.885525034500006
46.58743092300001
42.5969509765
35.32672701
35.3458160115
31.7935201835
26.8058052105
24.243684366
22.5380904845
21.820993838
20.0883443575
17.3173179265
16.0162923945
14.550895822
12.065246472999998
9.722878888
7.242843423050001
6.07020892525
6.137728396750001
7.663782110450001
12.731967173000001
19.9241475395
22.8762511785
24.901523600000004
26.312961414
30.773645356499998
36.977573580000005
42.974156572
45.49031182
46.985555207999994
48.194005903000004
48.498651396
49.016016238999995
51.680076798
57.673522692000006
65.061193313
66.416248001
63.88703589000001
64.237580196
63.43083617400001
65.46496887149999
64.9715554515
65.4940630515
66.867332525
67.43372228
67.902606675
69.480759565
71.130998485
71.8428683325
72.08376886850002
71.5891009985
67.84987402600001
61.179346003
54.5931350525
49.675794014000004
48.301370372
50.465836026
51.7424788285
52.308581038
53.638529478
54.14889511300001
55.400110622499994
57.188211572
58.80209045950001
59.061490429500004
58.011347894500005
53.3290045935
48.314042355
46.719975332999994
46.416203284000005
46.0978591075
43.667767535500005
39.3259487595
30.007808315
19.869547218499996
12.27489713025
7.55097602585
6.382361968350001
6.5101583211000005
8.0598958415
11.911160431499999
15.496466244999999
17.721146792499997
18.60902462375
18.55938702425
19.193637359
21.3841484045
22.656831603
24.7562307165
28.1630996005
29.302633724499998
29.3343256705
28.962897535999996
29.142087942499998
32.0149951565
37.9333048255
38.754508268500004
36.2513802965
31.6477003375
30.119387939
28.4823685705
27.641061198499997
27.717514868
29.949799420999998
36.889684966999994
39.53344272
41.1172175135
43.5063392945
45.8794072035
47.4976652515
52.091573082
53.1668513145
53.687719740000006
52.948703152
53.053725131499995
52.325665717
50.077693900499995
45.757782481
39.731566795999996
31.293086719999998
23.802093768
17.277284748499998
12.689694967000001
9.362545606
7.628365609
6.6155255043
6.656613946299999
7.0592781898
8.7692415385
13.5619921645
18.808378187
26.943546198999996
41.7162521145
61.3869799115
72.244378867
76.287650861
77.01400796300001
77.08644783300001
77.04585387750001
77.17163617
77.3725402625
76.86274577
73.66239599
70.587097395
66.57026187550001
62.657900702
53.6846369425
35.678367688
22.408548763
16.725669114949998
8.335303505599999
1.94071200145
0.95816181715
1.1090635777000002
2.40935499795
5.9087138295
9.0001819989
10.25749253725
16.5929074945
38.7782867735
61.00385147899999
72.150391349
75.65241016899998
76.872648817
77.578477687
77.92828163600001
78.1873528185
78.60740609000001
78.670390475
78.592600175
78.327997015
78.018944111
78.0180416675
78.38344344250001
78.4959325805
78.276694984
77.237277003
75.975065117
75.78626142799999
75.996437624
76.20532653949999
76.2369703395
76.02806981399999
74.862760505
73.78990409299999
73.078189756
72.0568427125
71.04776645
71.14537141400001
72.53631164199999
73.72202143999999
73.772432627
73.15435887699999
71.85486953099999
71.2766596845
71.061319899
69.94998859399999
68.6813308975
68.36419722000001
68.9105064675
71.8065357925
72.432988495
72.110863885
70.2468730325
67.3337675755
56.6910616785
34.01563561100001
19.001315119250002
12.98755348525
11.536153877000002
8.969787410000002
8.0046774036
6.168310707450001
5.8874535945
6.50743103965
8.953021606050001
11.718398456500001
12.1972150315
11.8219598875
10.527565897999999
10.151971551
10.4974852325
11.75004336475
14.023238105499999
15.15816711425
16.69610573
17.648734617000002
19.001631038
23.424527697000002
27.575431132000002
34.5890923865
39.5969589865
40.282473641500005
39.077044646
35.3425041695
33.4554300405
