Выработка. Результирующий расчет
19.792239653793104
18.014030147330836
16.173936708885222
14.22099901465143
11.634321630387525
10.537833506934202
9.966794094711155
8.59519928271587
8.86533709700531
10.871290481055993
12.326976522182258
12.634090520332553
12.208842679603812
11.76658149947551
10.740008543386647
10.548133286008792
11.405651811214064
15.5197962252509
21.10708691335426
25.206514454809103
25.376040068094156
24.126737893872818
22.438781380462146
20.23033688950685
17.212277597826937
15.221798339007737
12.939056674195509
8.982707640260482
2.509140231503074
1.4627576418087334
1.575106715036948
3.0489037944091946
3.9297474570860627
3.8352554429769725
4.56071918819719
5.585540292176145
8.16342752905905
11.603548160496764
14.925868533967295
22.23947008773115
29.56926837593518
38.77075175242642
44.8395615737411
47.66259363131883
49.80917207762735
51.837104864455625
52.645340299137175
53.68710954515332
55.56612147956238
56.64148336328191
57.08553830769405
57.377368607195386
55.915330135820795
51.039014557680936
49.282981066332695
47.47348531606437
46.186379308594724
42.18542121031663
40.20163811907207
37.24546851528848
36.7902441478855
35.950512522715854
33.51797243688078
33.18128343782543
30.969722236386104
29.148458853228224
25.563703982171816
22.061491402404588
18.17198771278066
15.874293259364954
11.386101585729147
6.548173643930135
3.6547812969687428
1.1878419590277511
1.39863320892613
1.367057896232737
1.1509082819632435
0.6699762066306921
0.5562434867885326
0.5452818427169065
1.2583285286072683
1.3708333610741668
1.8140452824813926
2.208633861124191
3.8783840541262173
6.052963663478767
7.527610484831289
8.23208579024572
8.048547009969157
7.299385391955102
6.883630559627362
6.812693427060246
6.969015429985809
6.719791114304691
6.060927445593871
5.302083840320775
4.60357877834396
3.8139910434114217
2.6447195122731415
0.7797770845636603
0.23810454038701012
0.22788808611628739
0.40730756887226227
0.4828044161617112
0.8621685246973774
1.4143130421265702
1.7618848911107223
2.6891343743973097
3.1467427552077663
3.89190193941844
5.838221723812954
8.730117222075519
9.91550310603027
10.28320932225868
11.254964802442899
11.930348916590999
12.965933838125752
15.13248751772264
15.77915331480144
15.363055236590831
17.831892253079054
21.450925825364124
25.754256665782272
33.592962249699056
39.73646869927544
45.13331252640937
47.00346712136565
47.87764738566284
49.82271254625719
51.42345976237118
53.62923985471086
53.909157738472985
53.218162801905436
50.189261928671286
43.35312266351447
38.866080363077394
30.74883485968799
28.516070801877248
28.864491144669906
32.09086255622109
33.144685321794626
36.671012391064856
37.38462795787622
36.1428360041399
33.605402859343805
31.979392869109134
30.412263058087834
32.385017681158914
32.88699529400997
32.40825093078985
32.75104645385681
32.96990805289313
33.490744825484946
33.53348756506152
33.50051323395827
33.81264617551999
37.18988699012558
40.348529963224564
41.763205955246
40.99319486342444
38.33715498245884
33.187484841992
27.81932189734333
25.488971259224037
20.83911241934351
18.35042651047747
15.81075811835308
14.864542519927362
14.922706051203967
15.74384564993636
18.481908009668523
22.68055967499479
25.054036211795612
26.92062538294313
28.97449258264557
28.72607822700276
28.09452878755249
26.909409868168936
27.188295006137103
30.180229648678285
36.41439069964369
44.65396516186354
49.279400500597326
50.48260538348063
48.96610064270183
47.27199769443675
49.389307881038306
56.10638883644676
58.568869705542404
62.26846679430949
62.339703522737025
60.34754342672832
58.91637912669116
58.20238296747334
59.355366993190394
63.02809839071356
65.08446383815084
66.99191171429814
69.08430113955968
70.23584478852182
71.44375343297017
71.69769504705573
72.65353759117642
73.46625072193416
74.42737634406261
75.70689207232721
76.27027506682383
75.79821427946459
74.45471016144737
73.34281554495774
72.88159180938078
73.30245537934245
73.39460541049516
73.27814440328542
71.66222114904788
69.71475197825353
68.96513483087277
69.4550866985275
69.1926406217627
69.69006583348971
70.541859731296
71.88849457867286
72.44263507937531
72.62619105081396
72.63785977232592
72.32869772503254
71.7875099064891
71.3855411279485
70.87591680108066
67.77853609287442
61.87284184083959
53.92146127169778
45.405258789640015
40.23588914833177
40.05051457443403
41.225400487951845
44.68023868536659
58.265311340613366
63.85553220121001
66.24626124202706
67.66496030039325
68.16717987836824
67.64945855420925
66.8375505241004
66.53982022980186
66.6334849253887
66.82105289454927
66.63912530667201
67.13974309665423
67.47148554240874
68.13216121527132
69.9244224106026
70.7625604052596
70.30542348926997
69.60034335065474
67.93906702194546
62.97838949814453
60.44548231303287
58.88781792981594
62.04192489752374
66.47892275664529
68.1384027351226
66.9579273468552
65.62111416242001
63.855477772134314
63.58674507803588
63.844445410196144
63.926444009878594
64.84520838749835
65.99582069113022
66.17691116940694
64.05675662098713
61.43635603052109
60.89532836732792
60.98662910881012
61.926890223508934
65.18975923437159
67.97999722449835
69.8069560916689
69.82811518773644
62.3056886880361
56.28283562102925
53.57420608925305
49.63216312742044
49.623326273397836
50.535041681181184
54.328480302622765
57.70079517617838
56.10907433782563
50.99380439132425
47.28850897924099
46.91738574552525
50.85328037023978
51.617296461122976
49.61302307810928
45.304387330802655
43.46231318320645
42.19859066873162
33.95253337178859
27.43077995589551
24.334385486889587
17.140411326954847
9.614363517291576
5.326130088507757
1.6774623968036027
0.9576491508318152
0.8691014787064536
0.631570726104182
0.7596437130238595
0.695904772946551
0.393087474584209
0.6585703778588272
1.7313540447731057
2.2015293300520895
2.0334598683114757
1.8450135771256928
1.8464358438330755
2.078820419835635
2.9023963977130585
2.7930147013029343
2.9917612458301903
2.76677574053202
2.1930560928126814
1.3742687995249105
0.3138651262104989
0.13683422333547368
0.5232757922068316
1.0099381230859483
1.3735262649829862
1.443817718613081
0.5674852277957223
1.3310670039417372
2.11664707523383
3.2791924959890917
6.532333946750818
8.948657777350977
12.224143508318065
15.795811611614107
20.941254581126874
26.441475194629174
32.804029121676955
37.73764972543812
43.38518314966714
47.18848330187478
47.79061882653673
42.3543979352434
21.146318122305953
8.06057536547975
7.0651661182691186
7.7283355826811055
10.486101997854128
12.599579582921017
16.759094301888762
20.77418519657004
24.86161540756352
30.20373155387729
36.74193741203721
42.58802251778957
51.0233412395239
55.90527672052349
60.03517162559619
63.88904282390853
66.84449993109386
68.99501757937604
72.55533845336458
74.3369538648293
76.24534610529275
77.04310290320774
77.50368005536355
77.9449445646673
77.98418346558971
78.32295281097552
78.3304377384879
78.12391629431104
78.25192505775708
77.95178444950321
77.54492995482605
77.58547981942594
76.61061295931836
76.32467350776037
75.05676602546163
74.83879424416297
75.40694854977474
75.92443720714824
76.33681849481496
76.39295630573504
76.52248742010417
76.74760537653734
76.75160438548593
77.20001978223345
77.23591615747134
77.4124243927516
76.77326192404199
76.35800313767483
76.04519858259815
76.28887682589297
76.72897407147653
77.0403229196407
75.85846860808944
75.26031777482744
74.39760613375654
73.27605677467113
72.02408808836297
69.09078542546484
65.749856196966
64.32713007788936
64.38612464440374
65.71933411573578
66.70821613418116
66.973948157315
67.30013684226819
66.59564145249415
65.79536149822837
64.8477145902481
64.5293667477068
66.85333469323528
68.61434670353776
69.46062483500609
71.20470088734632
72.26182131382234
72.30615987102277
72.22386415140103
71.03317944459899
68.87492452601374
66.8261372607539
64.20851481614521
61.475245577938445
56.73872734633696
53.021544016266134
52.741996936560824
53.59442902933215
58.20428463509499
60.55939202470688
61.2095584959481
61.50157243917704
60.91315343729461
60.487617960656856
57.45836549892514
55.26588375509864
55.11341481842869
57.700553713028235
60.43790510053931
62.031210656176725
59.399019862107195
52.56595110784417
48.9803571627785
46.18496796447562
43.05452382756678
38.804213210644605
31.934836863320854
24.420949268679482
17.947528297198335
16.273879936730225
19.882911743790316
26.824574800531533
31.485325758957508
32.29536350490403
31.28807637798655
32.115550703672845
34.1440519989498
42.634252733664596
46.321097723704526
44.07306601294119
43.01663025967723
39.14789316619593
34.31069285603847
28.604462959914265
22.10993376636616
13.569670134428794
8.416937030284105
3.6394542790816877
2.0743751960987886
0.5999550463395835
0.050554687359445336
0.00098403475464664
0.17168125206633433
0.2654199009099031
0.7028419842040754
1.552561218198011
3.25843517434537
4.696023342906998
6.239931145583482
7.646251791684454
11.077939993985659
13.251509863915583
15.866129769499159
18.692651044664615
20.368587239035552
19.266724251627757
15.10688247739536
11.05953868599548
8.498040162467216
6.367626536176266
4.770096080715225
3.606060378000076
2.70977324660943
2.7904405282018567
2.7219230133331367
3.8223348467525877
5.756062538528713
7.156249409949357
8.249357539115891
11.959972598197384
15.935361816210118
17.992069058379663
19.74712389915176
19.57989888444754
15.233561196282162
11.777575651448082
6.969018574652523
3.6113781569240553
1.8409720381546413
0.49244750130467724
0.42067568812465594
0.6362013296123973
0.7998309380754787
1.1687674960393504
1.7445661019073069
3.299608673557067
6.17100593948622
9.92035199932389
14.348493505461658
20.112538458702126
27.258181591073118
34.59469874198246
43.08040559049563
45.70903078401933
45.319120640154175
42.6495879712639
33.652715065986314
28.76710119362542
28.705120920376615
29.349054876242054
29.546465320211546
28.857721225573364
27.38757062459262
27.45789454355026
28.54812874788462
29.317447063576612
28.628881523291554
26.501552130044956
24.34800542895803
24.722262616763498
26.621250629454188
28.889257773108675
32.36517152914331
34.17969249490881
36.77302932642459
35.0398086346513
35.4812807651211
32.86478500128698
29.5626759680192
26.26447570343626
18.580960389693068
12.291942775243804
5.483140770701329
0.8890179638978097
0.4087124078024007
0.44558505051440384
0.9209433897271249
1.6427029504801303
2.337213079583872
3.2054948701105417
5.097528949621313
7.835142594504707
10.562275207000983
11.986300506853961
12.339385357541577
13.326641145539572
15.85761118571055
19.88956174522951
23.686535667359017
29.872945242850513
32.072926712346714
33.16195490909145
32.028342264848206
23.442753432976424
14.74901689711455
8.838019966609984
5.533555729192628
4.852564051280129
5.78054010122465
6.420066668401848
7.408971044003674
9.378958562151261
11.467040990471363
12.121486811336586
12.593322400052195
13.143517538280012
14.797064306913816
17.01602367293429
19.58851404284618
25.254297697581578
30.94822390751734
37.892404933796044
41.61460275921174
43.1843063346529
44.48717356578171
51.36300802836172
57.8775629448907
61.49259540159588
63.67625543549319
65.58754897023235
66.7247789558711
67.38507048821899
69.36777322950378
73.117556696198
75.46547169144017
75.63790466630974
76.11460486818582
77.21443611404163
77.78210626361923
78.25874362615188
78.24720247718017
78.13119656693783
77.89994884616344
77.12046783009933
76.72864806364812
75.5485006673114
72.44529071845247
70.56791666331488
68.12595427507415
65.25970236919076
62.00163405761293
57.929972167283225
55.408504480118154
51.327526110677965
43.2518450574336
36.726428117129295
29.625378270445566
23.915442720536056
17.89109623314772
13.174744253419533
11.544965367213873
11.829063170196868
13.167994104859027
16.273292291628636
18.067478584290924
20.508456941880272
25.27340488574597
27.071189166910557
27.648113361173316
27.076934218939336
29.423829708832237
29.72872660323811
31.39689899535626
37.958998954138025
41.21522916032763
42.22026538234435
39.451147671909226
36.85167471424779
39.05942793372829
46.61055423897392
47.91750102832937
46.26515116092351
41.07503305289502
37.74114802043477
30.68629576531223
26.793247467987445
20.866944152078087
18.01627280243232
16.465315643615718
17.441893741595205
21.846698028758073
29.286062223120204
37.786298922505964
51.27856128839515
60.51429904934472
66.0324155544582
69.78655640015137
73.09238424570346
75.36359869954467
75.74118365450512
75.33772134182212
73.29345149522558
68.33339165374824
60.70369988957877
50.10862769521853
35.74126458129959
25.97773947141559
17.247269845036726
10.601958020238733
5.52024167369148
2.8113656389486636
2.10897308897798
1.9505869158170643
2.273637129907809
3.052186595180988
4.66637317216286
6.964842116065317
9.727338570714698
14.020090787227966
16.977357430959973
20.131334386673142
24.557595771867447
33.897221043264814
40.98902327440288
40.49440618848611
35.78051844716528
29.0786526290361
23.37712741098338
15.177632463195952
9.109355423112612
4.9335808494112054
2.21548597519047
0.4689136220448645
0.00547227009390636
0.0029233050525424003
1.1935974305319745
4.513810397577631
8.108030291572135
12.299279827147203
17.657280471469402
23.211307185223962
28.903023697696785
33.80537608616012
36.28555524413329
37.603826972701306
38.782618706343
41.56034383696422
43.71584664847188
45.52192287585662
47.75452531571671
49.106260735254445
50.40382370212534
51.276277866942465
51.88387390139763
54.110397924755276
55.39721027186836
57.82105882314003
58.121756918709835
58.11701222139915
58.75304014973581
59.20147977655272
59.85233164387215
60.440574989016945
61.661698561545684
64.24495363159963
64.72615718321978
64.57355821171444
64.13981457448182
63.89592905599207
64.24922016601917
64.37760678545021
65.18145531871059
67.66860685535804
68.32124578665572
67.65522167843359
67.17843290045842
65.29592887841977
62.77323005279915
61.51174727129838
60.30483545716308
59.12280072059257
57.3766259829699
56.36962136185238
55.48765455601959
57.93956812475862
59.094278575195005
60.628864390084416
61.46090381880183
61.719251687565695
61.44615968722439
59.89663232754471
60.856401225186666
56.10787720040841
45.48922818504461
27.08848111761774
18.189876642615
15.675735171855996
16.006521529945708
16.50303689923519
16.482496697694618
16.059626434654813
17.85471754314328
21.15352160846553
24.55676748178395
28.225697938439694
32.89693894118935
35.84942701669156
40.789051889373454
47.53348005445643
53.346490730970245
54.87637695739034
56.698886641544384
58.27548426929667
58.81320898671294
54.573513934104156
45.27937069730453
34.074802654875924
20.10652193957939
7.496261708283967
6.792567751748389
6.50749096820184
5.670046849780255
5.23873238538414
5.497045407087972
7.2213450840995375
8.370027852582265
11.567798176634188
12.860566369482214
17.328151576470752
24.69068360735958
33.602235729715474
46.00243338519659
51.268696851097644
52.662971080931655
51.295990056212965
47.149682046862644
38.58802871768465
31.63111622360017
22.94121566313156
14.748059533172341
8.102067036338251
5.726341509438745
5.475600030184958
7.4112037078110635
10.478170736732856
10.628115535750092
10.388015979540555
8.242990328273057
6.829209365062734
4.586419597854134
3.882932454007623
2.8798020755222784
2.4302716081880886
1.8593481587572953
1.4904924259460204
1.6763102501932514
1.7969711025018402
1.7170157171829379
1.5762952790910925
1.1779203468917985
1.1539618888491916
0.32701875725603846
0.22128107956030152
0.17490355614046982
0.19249706131247515
0.31663643588796314
0.16497190904597997
0.16406159245068686
0.38081662127231264
0.882986506054255
2.359340771660712
3.6178109685706366
4.836287131529697
7.301891808900092
11.110852590127667
15.261559492977376
21.025349460222994
27.883675483845618
32.49037144014994
35.439644311503145
39.12503533577669
41.87067350146353
46.222395920846516
54.92469967735737
61.81364481247973
67.57161099663014
70.1332247836919
70.81774853282373
71.7985253451487
73.61675353879643
73.8378374656232
73.71392380555804
72.96865939077645
72.7172596138705
72.13186484157848
71.09309034570617
70.55814544669113
70.42777065525414
70.34490222191124
70.39375642810323
70.50391718214483
70.42835649762165
70.13611235166171
69.88264828886594
69.61261778398953
68.8836468505037
66.37055699298024
64.98876769946224
61.959749428925385
58.638391381760165
56.64810041506892
54.290362601783826
50.869415110923484
48.43994301561783
47.145703464837915
42.67242066908703
37.52532288963769
35.848852828404
37.39013126589164
41.74377074713735
47.51342081264889
50.88901830311045
52.710960703766936
55.721263880587685
57.78093335340526
56.836116249034525
51.91774390465231
39.25441065455179
38.80254900614114
41.783823901548686
43.86121906382071
48.47141521059605
47.18077583016089
43.80320954336638
33.36470229748853
18.974106267534637
8.971274868977865
5.212004718695255
1.752094203122172
0.9008623989568871
1.4473604658311505
1.908084800599674
1.1656730051292405
1.0359867087455086
1.2262364125930107
1.2711939166538682
1.8076686077155175
1.9556938318902635
4.465461062956234
12.049625677103132
23.261125979939326
35.054487111946735
47.304255056150424
56.385658516709555
63.58661849350045
70.16670895786906
73.36021375773917
74.36394908454757
75.06384729042568
75.00566915133149
74.38511540583251
73.94651475729991
73.61093914207004
73.85107769067045
74.11757092198908
73.97188730753479
72.69661764650343
70.5755260679887
67.67055049317818
64.40285752413044
61.15899010144649
57.45577949133953
53.81889939003503
54.398995156143286
57.45276525664424
60.7454044552381
65.26388835302534
68.79601864430701
70.09554895510874
73.2567455853418
73.65434057843088
73.90441649323195
74.45697424891041
74.47780935245707
74.31073200201082
73.76707005620432
72.37893254021452
70.02194418176525
68.50147211254705
68.57057583539321
65.6726784936933
64.30529623791185
61.09728655080195
58.93854663460458
59.03913469288652
59.75354061416884
59.312569770009546
60.294557773308
61.68104485725229
62.61967269652625
62.918376890641895
62.984133222021896
63.589493489907234
63.50551692111249
61.21086966346269
57.10158769479601
51.247588454137556
48.11219793995156
42.753081486425216
35.09073482556068
30.326928330672864
27.37442761331363
21.14021084035941
16.130615346197317
13.462855592282072
10.337626432172456
8.04339652030923
6.304651611953031
4.906886917345738
4.178539419168181
2.865111231848063
2.17421314081624
2.0608526295275875
2.6868239668389524
3.762474136702593
5.4391460743804565
10.555542288459876
16.35034573945388
23.409314449735213
30.91866002937239
39.667077945237104
49.115600775663644
58.70481832678755
65.1151143412169
70.99771681468052
72.96735887938067
73.14031358820901
73.19044373689525
73.72137170792276
74.48848033807425
75.3824804391881
75.76117707199052
75.99442297157734
75.78525378610672
72.88984797059447
72.38324663557385
73.19284014604202
74.01881819082931
74.53135967100707
74.63325494705484
74.28496884543546
72.94623674230579
69.33664323961838
64.60094145900203
49.58281962883305
35.497890771698074
18.46009243494536
7.833014082278519
1.952891156985746
0.7540461413998074
0.6233623769693794
1.6169983844584572
9.153540682543102
12.880840767541743
15.988341049468376
20.024182918721003
25.163006680189632
28.728802519768834
33.49253206642608
37.092965239733296
39.006937502975255
40.033461484178105
45.591248883966585
50.27230410923042
54.5070147906803
58.09967160695165
59.22715994026043
59.53154699539959
57.63788953472532
57.68823711888115
60.31805065796695
61.70514080601221
64.81941308808562
66.11186533344247
63.9140385250782
58.20034541893271
55.440856157013194
58.141149508724965
62.58477142185149
66.92626396760465
70.94020305475576
73.04456978548274
72.89987198949748
71.26283610945592
70.64403887129292
67.98005760389451
65.13064715977964
60.450126551733845
58.99692712619397
59.93905024298259
60.71335198036978
60.4568077925662
60.47646340138623
58.95880491812135
54.29210401399135
47.984801823305425
45.41738947773167
44.346887200728176
46.60754969931412
54.006006067889636
60.76312414579145
65.46158568578299
67.27797265059081
69.91148366374658
71.30016763664206
72.03807050893445
71.57503284333781
71.06018398932531
69.65606124409784
68.6702956850587
66.61607779892236
66.93255636164088
66.6365096351296
66.23451395844029
65.69438585853796
64.96166916781861
65.45477822431506
65.4759306481024
60.995718396305236
54.00166355228152
45.07698868310053
38.49882768249948
37.02794324661296
38.74985211790081
40.05571409283295
39.41507639862975
37.05361912140429
33.60885004846464
26.735691802398346
23.565194080021374
21.002781595728017
17.89402232225843
14.274882472898728
14.902060921280981
14.766730627801742
16.33929855161795
16.62517690231437
15.451892311191811
15.668483496427928
16.560167623452656
19.235986877857513
19.953566253012387
18.5239170576078
15.967035838731668
14.404251717477077
15.76117495528091
18.416043609357487
20.70378362627134
24.861324771748244
33.951798851609226
39.16392243519485
45.69159007780429
49.496648217899136
50.04149817692438
50.225313295509096
51.219020305549606
50.33999966108304
45.09781027156977
35.373620764614756
27.44332749777121
18.634327821211393
13.201760355831292
8.74588407887375
4.757662146299715
2.635947954381816
0.3447610542348073
0.00526308730534412
0.001778090379706
0.00409042868139172
0.0016716145267826
0.015726455079345877
0.02395784834700904
0.3670219057719095
0.5189229121884449
0.8701801875778366
0.2535309454500747
0.19486665620654608
0.2637405127588628
0.6990962413504236
1.131172083708006
2.107342182776356
2.443984569224852
4.039151078266238
5.658721518370559
8.711047256237894
12.378950001982421
17.002170526355556
24.279279763106693
31.295023926777276
37.255222664780675
43.099367522578106
47.81367154620057
47.095825490164074
46.27580614043157
43.848406259538955
42.66161844211112
43.22695055845739
43.08191274440439
43.11966064154366
45.53614238745378
48.05553649314609
49.13346679875519
48.05205194161631
43.869781757175375
40.96410813032443
35.580704646526605
33.8353682983026
34.26321013508033
34.5296228784614
36.388152798464056
39.14297108388722
40.2668928137649
42.45876560260001
45.77017950477967
49.17816615711067
51.79350258016804
52.07528547275093
50.60660589874968
44.92869478497587
35.71200666698678
25.303946513342616
14.767616593406938
6.820193058591821
2.6615582598666263
3.586477259778471
4.050669494903901
4.494966287355577
5.3499691558863045
7.202987363519771
9.846168425804677
14.90711562315694
18.782021255460727
23.695602893910454
28.589831905712323
30.78289687973529
32.90185913812806
33.636173087135326
30.537166295764955
25.749931014572766
21.438649225746204
20.00375490645066
20.927926262965382
23.426139982279686
26.7730748025488
31.641122692901384
35.95244230302612
41.48668492233101
50.608207274765675
55.344682189782205
59.01506323506584
61.834601250729115
63.932891112825445
65.77709029024695
67.572978012253
68.97673925392739
69.79942662444583
69.91562083028407
69.3133927249173
69.55033242030402
70.10573900074328
70.38487900393167
70.50687716751492
70.43196564909134
70.32770552985734
70.55406086425096
70.94714528617237
71.32598949436485
71.58408233169071
71.99344109245519
71.98856072151612
72.27166188082279
72.31138267290872
72.06870364795812
71.982217022439
72.1341438831022
72.05962125266691
71.85184942324749
70.79147688490053
69.60753485857731
69.12465239631841
69.7947464902769
69.61457028948348
69.54371121095491
69.47241583970613
69.11228690135714
68.58426896595833
67.02212710153694
63.56958782119598
59.159808993388936
54.85942723745583
51.01834333174388
49.86476344121766
51.233638487416016
51.359930255802524
52.27235769492334
53.099396571779245
53.23418423943014
52.97673428297507
52.15047525827165
50.94433774723275
50.120584507031744
47.77619267234624
43.704659769290984
42.11705087448223
38.14453843363111
35.114356117327326
30.235091218352437
25.10607669461842
18.52336361095216
13.983117270412512
9.863037686665745
6.141407039751762
3.436340468502012
1.301295261587603
1.087978868213167
2.468644353423903
2.958468871912765
2.7554267423980283
2.601789635512841
2.802157894064382
2.8430687306134352
3.621065619223039
3.155545830294928
3.026438017703784
2.6922908688855065
2.414409226521216
2.7124504335630766
2.5632867840487794
2.5986555857147255
2.9990406701280694
3.654821707302475
4.385820591867706
5.749520202079781
6.659385765143058
8.350686643816598
9.502175462574815
9.746621011467333
11.458176337015098
12.944371402710875
19.399229204171597
26.01679577291624
33.0336331012914
39.911838308477705
43.657430444247865
47.21682582913358
52.488870705980254
53.86785967789379
56.14062410684573
58.40448461064039
60.01812619519837
60.607492456184886
63.0454905139468
65.2867789129348
66.72928535779174
67.09671975502812
67.2129166080539
67.92373189508181
67.49357039514102
66.8450759296066
65.96237474267292
64.21894589334762
62.775213119262425
58.98535484090523
57.89622030285751
57.348384786255394
53.62690720542012
47.768376081751946
45.86736542258285
41.628110164391934
37.666631402715055
30.956994936819434
23.89689667614163
16.76301077535933
11.654164978602545
8.740485613913997
6.70377814844673
5.725778844490149
6.021439232758619
6.7626810302356954
7.728086921447941
7.222535139894132
7.392648588147705
8.548352550835556
10.347696335258487
11.045024506009945
11.724183252965279
12.03061936436426
12.643821508673057
13.57941191654703
13.822382546226468
13.536138552110442
13.24808332875729
13.475270779067579
14.768606247845826
17.5208377375886
22.72199490161371
31.105078362971263
39.34318814521682
47.67513990182715
58.15605403408455
61.734950102678056
63.307090282369884
67.70307458368072
70.44822651408273
71.86867212263162
71.8151446345574
71.462805042242
69.89615981256392
68.06077123166799
67.00397559423311
66.71795085882441
65.4795054697118
64.4112741622419
61.88673308087402
60.0011179368509
60.09834331931434
61.856518373845866
64.19396708304018
65.35178262123887
64.85346210448539
64.17996723305343
61.96191626956438
61.24086468702127
59.47881412175673
57.57281909556781
57.38055870420399
58.22507681807758
58.502919035813854
56.30864518193775
51.503639756091715
50.98741911335459
54.33551438891111
55.84006180510007
57.76725744526641
56.54966364860229
56.97062675713093
55.07682941158298
54.722716988856604
54.70123832235164
55.73715639819798
57.582056785759235
58.09502213571029
58.80684702769024
59.24141967061082
61.29211710821281
62.666659851149085
64.01347761157635
66.32951929077514
66.4861396098309
66.7841963798827
65.92900020871903
63.40248933226407
58.10993233050675
48.19444132739889
34.29715608586889
21.29938939364039
15.308715090849384
13.237113767968573
12.719926008093353
13.617019471944602
13.727006785007577
15.105704664582468
18.690244593420903
23.297640344725117
29.118723877019193
36.08566876718189
38.55772062846296
40.3060830708706
43.1777748422528
50.14474943671668
53.704614256012064
55.627714557214404
56.49252724662472
55.848082760878306
55.86652308997022
55.344059382705495
53.72110234909174
47.93409324395357
43.06043056251866
40.16634028043801
38.54136374815212
39.13703168403379
40.183653218189086
41.22579191610147
41.07407120497538
42.84173126811366
45.12881780149615
46.370938108007074
46.52943426427279
47.14184929215622
47.8660945928418
45.47647527444721
44.67428472635028
44.12496378780044
45.10243219619106
49.12147931891991
53.61898130280116
56.38304107986672
61.013446527365815
62.942212839017714
67.10190382153883
69.5818069641899
69.99034230953731
70.5106538140743
70.17688602426705
69.86309262521985
70.43944917998672
74.41793193324659
75.45037866372249
76.19286316505583
76.13674212228305
76.82126778071513
76.61254000202591
76.88044653111052
77.108634938208
76.96830394423176
76.69976815533556
76.42106424963104
76.22756000773093
76.33337580151635
76.50167595518616
76.63678235197321
76.96629795955508
76.55621071894916
75.22005077821326
72.96171956219855
70.29651371361948
66.91972105025513
65.85160390698124
63.85857798004948
62.76367863771265
60.562692874271306
59.28178857638552
57.75896262007781
56.74238264412763
55.25673124537908
52.71390632143498
50.04476310794382
45.84503186758152
40.614354838180574
37.7845223064989
34.179292315506885
32.092124160684726
28.282223427130468
25.64353405165708
24.18171226556897
22.94239342826295
21.366139398620437
18.450632651897703
15.136075024034664
12.682617102521107
9.894781715455434
7.628188097405566
7.377265569267532
7.6455662685508745
7.3482059061519065
9.532688968462441
10.648121461472588
12.677074527394527
15.85733128884349
18.892133850668692
22.25294454978698
23.619990298961554
25.450324518622196
26.2601431173555
27.408149086257602
29.23353676339797
32.79436748485231
35.95006031470972
38.84544497344078
43.981129440222844
47.11682187188118
49.2153767925748
49.834639025361895
49.785394058374465
49.28051045530013
50.004974223377175
50.160071898838005
50.793770906600166
51.88615798895232
52.797763757744676
53.32961019510805
54.74472231779221
55.43436024372946
55.99558145736898
57.38977453032905
57.703126315281146
56.896734797298805
56.797016398067086
57.203041118903116
57.849083058103325
59.25907569772282
59.596434486136644
59.774882875635704
59.953014646798664
60.022717206200255
59.90581270514468
60.121170464711895
58.68269700396165
56.3487107089694
55.88048348417712
56.912099440295634
57.529925064047276
59.61328987196736
61.19726887844811
61.468473455200524
62.02014170157872
64.66838254369299
66.9150527983467
68.92387006995415
69.63476366036633
69.83311989956054
69.10853758080614
66.11517503107021
64.26656349711328
62.6172299349019
58.66621090701611
53.493511462177835
51.81730531866263
48.521965362972296
44.725190190338246
40.15972523968786
32.14374337995741
27.247840068011676
21.79668196980401
16.965459779870773
13.630392040652161
12.154909732901483
12.216077261853542
12.899412611680399
12.623539621022903
9.890092102553307
5.851042622199307
3.4535018992029842
1.7294089234526613
1.962091644221689
3.2205154026106424
4.685705299907602
9.3396575042906
19.426050515332285
31.16328002915551
36.979558403119725
45.83846715284878
51.660204741545314
54.93178827219042
56.937817833756256
56.5064756581854
55.105429254770044
50.612970893116035
42.906510888649
32.866598139874654
27.32169790834127
22.213812691560072
17.446563519576948
15.304474216253299
14.281708375457097
13.080584956290314
9.431639954280492
7.964164505829661
6.216366151162809
5.734790835345316
4.4653995867944305
3.932080625386801
3.4797820628134013
4.212841705423624
5.246960025294806
7.00846887324912
8.07302440903902
8.490908370620334
8.318087768833974
7.195793911224916
6.135100366940467
5.430291280799546
4.043676552946752
3.867105162604764
3.2537513173658663
2.2675388451407654
0.550496044987675
0.4190989165978247
0.24260327472354198
0.36364466167790555
2.151567593618203
3.453301639048794
6.927071184903301
10.25604147896981
14.566837189444056
19.514969761691404
24.408324403160364
29.609079671894346
35.02460722147883
40.29414491544334
45.73602180832353
48.58247325064566
50.38995440084205
51.34313268336576
51.33447032102306
52.96034415424453
53.7577954222429
55.909798957778264
59.009625278229095
62.43664139931988
64.98878741224853
66.93242979947402
68.14609680821238
68.85025803500379
69.70630828655413
70.45712685231288
71.4931336444024
72.62071119856711
73.59005386516567
73.8148332346922
73.51662374648234
73.90861306942463
74.22168137806159
74.59056685442495
74.96418606008375
74.97253979489491
74.7026285845466
73.86008476738272
72.60544760479792
71.18412871384905
69.67682274139214
69.1563774460381
68.9565586548027
69.54524946302212
69.9126286704409
71.40349809695293
71.86757524352585
71.70767256310512
71.5112523287016
70.80729497496296
70.29145481272234
70.22120637530702
70.17708002514127
70.22324162128788
71.87745393549204
73.17551997001414
74.0483428761195
74.67153525525227
74.63666232279908
74.69336064460052
74.4041052584802
73.45917190075966
70.9255380873895
70.34133605310637
69.88558583055443
69.22020484974097
68.67066253643337
67.97547619972005
67.79802362311494
68.59650506121007
68.72728251854655
68.43895851692312
67.23997235867938
67.52228690596674
67.5281222030512
67.5621228748999
67.25355329984436
66.01989981065263
66.13812602094971
67.75520770093502
69.46637246490398
70.40482762805972
70.10905523726493
68.79861678198925
65.81602478390326
63.304469257718324
63.02555587951565
65.12439129857357
67.12943407717435
68.33860869939006
69.16112891663201
63.88259042144121
61.0331671402844
59.99778557862865
55.91101197357905
53.19782327990514
50.386605832916956
42.21580776891745
34.569879129642345
27.811008128323934
18.466396946022165
7.867823189648677
3.949807129570014
1.6269630637173351
0.8155705048782472
0.8009532831412629
0.9830677829019545
1.8595798737504392
2.2245421889076136
3.1184818758920887
4.235914764778915
5.926485069992164
9.398142099877033
14.657141758616318
23.33930892346035
31.99282889215774
38.22370729817049
40.489754690237724
39.76191527117044
40.53980941390101
39.849080869828484
32.47931236937428
24.573022534841357
17.033908125820272
8.433750957280669
3.531523632662867
0.8352059194637804
0.3782888333177318
0.3243457950693078
0.5174871658086855
1.0625703790401029
1.8838888205578497
3.305892063698341
4.7036918759553155
6.327380331883447
10.131808084976145
11.628368672814206
11.387455574391307
10.397070661023466
10.216398555439337
8.899935950803483
6.885125630747883
4.082874934556638
2.3771076619553613
0.6294059782236656
0.3469247381278856
0.42294790180219816
0.9861612255997949
1.7829324339841892
3.138650065867573
4.433004931678505
5.428804798566388
7.305082668994497
8.140644514510672
8.499364799448376
7.762483043095484
6.919937878284406
5.785438847151486
5.584329475349882
5.638117939375384
5.420522625159402
5.714439435009602
6.5393254410714245
7.399171273704289
8.684789032720595
10.937557264436533
11.444340533416064
12.89041364786032
14.878433242253138
15.457796402219838
17.556592376329903
18.54809002016996
18.498776142429303
17.954534132025685
17.90899538039472
18.070834537019618
17.320885122209738
17.533073566167936
16.7609411997947
14.517451283520028
13.315243459227236
13.647054611558247
13.62413233825562
13.125017583271216
12.144453740815234
11.488978604088164
9.566849741300285
7.134701912619486
6.003300563083334
5.921394781912635
5.9430817236227735
6.547107631454258
6.437973509582654
6.480221820634567
7.048509688679093
9.000349697445012
12.41925026858402
16.622822622112068
23.60766987477006
32.206487800454916
46.49507979004953
59.71785277869197
67.14108178189805
71.6853640332039
73.75956753482646
73.42694288350424
72.91557485388788
73.71966612716139
74.03882699162745
74.35291613204524
74.27908145452442
74.13277295228696
72.50594818193599
68.7983951402791
68.15710901166528
66.61179885369984
64.68923449630628
63.720613010673446
64.04950816043186
65.13590748985015
66.78583788009533
68.4175294582559
70.11986669290282
70.91996126835429
71.00597854304603
69.54674838526383
66.47821206288486
53.505046034660666
41.99725614045721
37.99228535096333
35.024001018961286
33.18804742399758
33.383780150368146
31.55942063850652
29.486286667131086
28.286980993884693
23.798165805667605
20.323449490947425
18.216161635174295
17.097455980033622
13.210196891872581
8.522412629562819
6.079203895722392
4.343755249413334
4.619383179779173
7.919093098069075
15.251109301922945
23.615405776080358
30.04221515655297
33.88088137225118
37.49414617653212
42.461578536754544
48.42617427068356
53.60878974229819
56.62328915610842
58.91891960226759
59.80663922236249
59.212047283912014
59.36999741750904
59.40977333600968
61.259819980484274
64.43421827178433
64.60525597033029
63.05454815731107
61.072152709056354
61.91849130175055
64.0484087134865
63.631004095006624
65.20971033440657
66.40853170118967
67.83379058601385
68.2858269240027
70.56924630430429
72.52055838213103
72.84400976454087
72.0580221630307
70.11063496959179
66.42796707816063
62.834481354705765
56.70984380844415
51.60660854004401
47.78596657133025
48.787111669185094
50.769501803796636
53.04929759473316
55.750627335841635
56.12515472991355
57.00178662353047
59.07817906646991
60.52628935258605
61.07151981484638
61.272595399529095
60.05034961027506
58.59640421615452
57.49771652652967
56.639997412371976
55.40074037839361
53.77623061583794
46.75206478398583
34.60948534495981
24.2210107535286
12.930653948475841
6.12310071954634
4.760680712512334
4.669449016295311
6.390638812969231
9.157588757804163
12.578840197090637
15.760645973773123
16.358773062405948
17.34555467382377
19.148004331839154
20.853197011158308
22.97793244946994
26.21841367833794
30.27502965734858
34.11640157992799
36.49605883026095
36.663276912065605
37.76123344456241
40.69558955042798
45.06169025206622
45.855110061115795
41.85056797477495
36.059366420339764
30.926416747655637
27.665181903938873
27.092764762036204
28.67101164122328
32.9755941993604
41.18430205010871
44.46148846400858
48.84385477591148
52.060235077619566
52.741430337557745
54.61196103041932
58.550671522189916
59.50947951454979
60.30606976536589
60.133502743237734
58.1675626896897
56.03420249657387
54.30380394967032
50.99378133793343
43.589316093431734
34.6183007349418
26.783415669660236
19.59512738231253
14.607759031357777
10.351281544041775
7.958606543693659
6.6774914670554235
6.433519625170911
6.82563925063188
8.403812953713228
12.921862250261533
20.715214369338327
28.998856505578743
42.37744109602972
62.46958150006397
71.76040762182512
74.83545378690985
75.6205387026218
75.46207459261493
75.51557411025279
75.99858554304852
77.82370510851982
78.11240613159241
77.3664222113805
72.71323013265854
69.67523545267787
62.66748986976263
52.99821236651049
38.61726275530897
24.509715817684913
19.116336378162977
8.391911130677503
2.0088447912474083
0.9210516041974083
1.1313005643161684
1.937871583127075
4.746505933440577
7.9381318458063514
15.157776711101702
22.92463409218017
41.646025257533985
63.49826601398209
72.85200263863679
74.79037974162817
75.36721870978292
76.36206638452336
76.62970220283474
77.50296778491318
77.67683062422294
77.90096136805133
78.2711988781723
78.15018723734802
77.2015013244405
76.03901623316577
76.27448315499382
76.32416574236224
76.44416312697608
75.86402454027855
75.35669392132273
74.66110771490042
74.43470157399571
74.14419122097145
74.20355566390761
73.98801450387639
73.33706277567589
72.81494722288997
72.95123899505859
72.68071571430738
72.53461520504085
72.66301352582445
72.75826131992176
73.51421011287454
73.63632271275361
72.93275225768939
71.57059992161291
71.62077197442478
70.79506454465705
70.52134614101557
69.47013455202426
69.24388779808763
69.8238600715992
70.80923240634152
70.9707901782706
70.39147425002135
69.06981261735788
66.02607315544344
59.03975162504433
37.75807547349521
22.242267080517667
13.129503007949578
10.492271145532825
8.77830861568104
9.236944939723077
9.60382200474642
9.618124903682986
9.668050953594534
9.736417685184842
9.499213338913112
9.699359723246411
8.829731631438477
7.604999765996508
7.445786205172292
8.447359507971083
9.326358232419494
11.498124226786423
13.389401113520998
13.753308675324014
15.207055416909652
16.82784855198294
20.606316436395534
25.311785325478972
31.217540810730046
37.345494964707754
39.4038430021192
38.0500686268895
34.94959915312103
33.04535433922861
