Выработка. Результирующий расчет
19.234958727069923
15.243110775136254
16.89075226992871
14.6871794508746
12.032022844088551
11.19164632387136
7.393799545448561
8.643424722332181
8.634394923142029
10.659600261582662
12.352935811516462
10.887023393224103
10.999999713825693
10.12947837318256
10.495246364212903
6.935930496239688
11.162925896363362
15.611003241754627
22.251097720047923
27.300453350664807
27.682769678744545
21.009166534446507
21.012925358681798
23.555947702467474
17.7780866095202
16.855809772824063
12.811800418410243
9.831709372888945
1.001042511568444
0.0
0.0
2.731088835234164
3.7589316204301295
3.615301244110392
4.220620827262343
5.240542624571061
8.054230793786257
13.563785712596248
14.775141010562258
23.648715561725
30.643938082380327
39.01437092766599
42.95732138048463
45.67920461303036
48.58348083410628
50.80801078909492
49.96692929668627
53.1099329176823
59.89749781880043
57.72550871507863
57.76215649700239
59.125196467155284
52.616057069270994
48.435455482011896
47.02620451726142
48.54023601255743
43.068745458629934
42.58746401740049
43.09802859638098
37.43796644719824
36.20132842536831
34.18799412777064
31.359290443700246
32.040582245545586
29.69613024141055
29.45888719770716
25.702707086934105
21.200812079179432
18.398410132972383
16.986535919187816
10.584093485482333
5.309240350905089
2.037307665830232
0.0
0.5945283677583748
1.6594909364783703
1.090723684452262
0.0
0.4700233974020263
0.5147449554440401
1.267627570204465
1.339902072158473
1.7468568548685373
2.087869504985437
3.782605938974761
6.077649918340741
7.577976616317808
8.25299590890144
7.805395269156694
7.121081751031085
6.775150010530782
6.858087226695431
6.938928968096363
6.7478778605831895
6.0205856660323
4.9491777115693125
4.639545154798704
3.465737243326941
2.41742263639565
0.5664904577278984
0.1233400984358293
0.0853122317586369
0.1497019189230375
0.2791576677552312
0.8004758554189373
1.4798523766540743
0.0
2.548239515382342
3.0353049058805386
3.9026722956557096
5.8723311674061245
8.913723250950493
10.03576609651049
10.072257813956966
10.92826992223992
11.703345353385306
12.999117540634904
18.668782294335312
19.48818178448171
15.56523344018096
16.202822796311718
19.10540829759708
23.549771204952496
31.51091853148857
37.6883909123092
43.33847066322792
44.92551062975112
45.61720069750667
45.16926783513132
49.87640513909446
53.8968712400105
55.96886042707413
58.89406976780774
51.61229138624862
43.04810753895916
39.48520606254589
30.17892372996729
27.56662078467737
27.675139132746885
34.43123624579823
33.1304713046184
35.3384610584564
39.93085337706448
36.216080545516895
35.071666385460404
33.320802148194154
33.45842116857766
31.546252122107415
32.84798270664088
32.401233793815976
32.53715738930974
34.700322009905975
33.23620218028563
33.75027371897613
33.470055108340674
31.52309575778572
37.20198860173804
40.22766838027237
37.14436446110294
40.89762935360771
39.36988653185697
27.46740076470091
27.432636934120094
25.88695977188937
20.52515294743496
16.30533122175213
15.591913971826465
12.197116247074298
14.748000928297277
16.88677483603025
18.183356149749045
22.40918999279961
24.831579856938784
23.630970101000965
30.051963721295103
26.253053109583792
28.23453190662342
26.379584351232573
26.759564671352152
29.893192635724628
35.119356096009525
44.38507223636582
50.54622931583932
51.74916322372681
49.821383848865445
46.665942326139564
49.22744091382938
56.794353582799744
58.72770566583325
59.58761668208527
62.9697991311445
58.31930240753789
59.48219170822509
61.27967844863348
61.621763439852494
64.43249136028598
66.29765046024063
66.86392437308788
69.09662372428868
70.15359161417055
71.75612469786377
72.07129184111027
72.94814220076712
73.17836201661163
74.67200236753884
75.81252185247654
76.51061830366726
75.94850612351641
74.47122869473111
71.22875114611385
75.82265732360075
73.80772487522988
73.54098762358262
73.4117445266502
71.83793534444308
70.94391398895517
70.18442110543752
70.30031858391743
73.64007937353719
69.66185592208322
70.62026632159949
71.96590998433284
72.17168607478243
72.46984487148464
72.76065497192438
72.74125816330084
71.89011411176685
71.6384297919564
70.98645900967466
67.9867054680066
62.60618994124272
53.64380641340215
45.248924105794615
40.116188032249866
40.7588912916819
39.696041395047885
47.98914363961729
57.00988231263632
65.68223161364688
61.91187192356756
68.16778433681071
68.82563896068169
68.62781987858268
67.36797735048873
67.13445415907427
66.85873084714963
67.14263895846902
66.93702476594136
67.4471757308246
67.4282913267575
68.39750415730893
69.890099734666
70.90746818346457
70.27915108799039
69.75506859508968
68.18015278567398
64.41331540818027
58.1086932462394
59.98195840776993
63.84105998943507
66.93900444109357
69.1853446423594
67.08030076528613
68.89593501277035
65.21683090311188
65.12015783797834
65.40320955781762
63.23994525526087
66.40034056586053
66.49247790727595
66.9423212971901
62.35005264441534
64.89584978720266
61.46391885817647
61.48775901120027
62.15548903043374
65.42267437288542
68.16072084509848
68.91331741345962
69.81647516221557
62.16606305553082
56.93747904693922
54.05374748508419
46.98798080340497
47.63386929497279
50.179105760744285
58.87632699834437
58.13872757336074
61.59524011481001
49.27660912837059
44.96308445317721
50.58151583702425
48.746720762883974
49.30785780727985
46.25460479330062
44.99240260429816
43.2964065445831
43.803317216312166
33.16252175215781
26.13299384548649
25.560450137081453
17.238155129922365
9.708093363735104
5.385515061468961
1.5077589440750974
0.6875720597238494
0.0
0.4941331414608783
0.0
0.6025048452847259
0.3515433160425297
0.6097265420833302
1.7163035883807245
2.189280467075314
2.08731733838108
1.6713976233806118
2.329167998187114
1.9219745394722672
1.8344708944592567
2.78435711045452
2.922304963880557
2.6095426360480016
2.18101955499699
1.5883545102951695
0.236865266530636
0.0741568498730165
0.4690472552171948
0.9754952218505544
1.280307057027515
3.382352061907628
1.3973403898152303
1.2290364121620576
2.0291196363811026
3.253534623888546
7.397638764188369
8.80657310884322
12.077200441685823
15.932546900001466
20.866264973908056
27.00106891425898
34.31913299361707
37.32540134870072
41.246813022200975
43.50057424215377
49.77936612660379
46.60680460199212
18.393245188272747
6.560607132584342
4.547248999163166
7.850361984015933
10.394953090807752
12.425038484593154
21.517953526039644
22.623409051036347
26.065364805300067
32.10833497496017
38.46766160287448
43.1875370703712
51.13222903166959
54.66706414733896
56.89386510181849
62.67095383106861
66.94467740985596
69.26198685827968
72.87931872024657
72.05033814818395
76.21400552904497
77.2344129283527
77.56267666542828
77.99896860981653
78.07879758091848
78.28515350712313
78.33001855627923
78.12067341790852
78.11059843405086
78.02695610156442
77.4319200542361
77.60832106694187
76.58537502092247
76.57177502917331
75.37341061426778
74.88748887572939
75.53811675842357
76.06945023064038
76.23699969465672
76.51654589488892
76.63697584255341
76.85157710229531
76.96808482190586
77.3021910232068
77.3229095291733
77.5652366502027
76.97496300893967
76.41338537076209
79.18412050737203
76.07635420179929
77.02167737942592
76.96123523881788
75.92949108486837
75.7112615827398
74.78601310684932
73.53474976192531
72.14158011730035
69.21218875431262
68.439553997444
62.786375113564894
65.24420403357877
67.14995014897295
67.4232732707033
67.04304168911574
67.76027271318947
66.81305666206299
65.8480161004758
67.12275641522834
63.48916872359843
66.63201528180231
68.60069953542327
69.96592591445562
71.12467162735257
72.39657944714028
72.7036789846156
72.46653802281278
70.57825542713505
69.81322450818726
65.08010861047514
61.87363759451161
61.9029540070653
58.73587917942357
56.04544807742412
52.1533773551534
54.84725913426471
59.59815129232668
60.75645040587922
61.12002544520657
61.587880083227176
60.98603761789237
62.39447835442947
57.4151243252682
54.67949711574237
55.77524286276689
58.029511810966
61.95795365156606
64.34700149558125
60.191229324526965
49.65981961251463
49.22797559888027
46.31034038631781
43.57415061343103
39.42476537306102
32.07331761525701
23.217908019130537
17.761824173200214
16.420246345249165
21.231129939139084
30.41243728526159
33.63127876283102
32.17299804201406
31.21817009362934
32.0881813263242
29.23518233372637
42.59631164699462
49.175503962991485
44.23882471667753
43.33252098762216
39.10999635650381
35.31778096825288
28.39953551923436
21.959976847900464
13.26522409500064
8.266045220137784
1.677092317209675
2.006583269255795
1.4235355696337004
0.0286576850371545
0.0407599043480076
0.056789502
0.1823593131742019
0.5019915394951524
1.5301540162998255
3.029750743540765
4.600985491340178
6.175009937039838
7.456805604683576
10.84482125900916
13.077012507130853
15.960844665419852
18.818483230930795
21.139569871556844
19.517943138534097
15.039696543344638
11.259403405076542
8.420150449594999
6.29744126390916
4.6479339718412245
3.530393975310562
2.656710078009827
2.6649891369319327
2.5358430124089333
3.94790282809886
5.727160943900524
7.044140167481216
8.106270255463677
11.859623451959273
15.874527216779326
18.088280604915653
19.42875386906977
19.551091982909306
14.992925323510592
11.54089323075447
6.869033411172111
3.376881005484537
1.9697442088980823
0.4093640824402361
0.4564052373090922
0.592352224705669
0.7627008887123952
1.140476769032079
1.6764552749161885
3.297726716885037
6.878774358882314
9.661044857672245
14.35345682316744
22.65168440740515
28.28273218563288
33.53591132448378
40.973588080065184
44.17500251456765
40.73364673521453
44.6993243664113
30.962285764062262
28.77069808014295
29.905403958935146
29.22181784473546
25.33133342554547
28.6787992308244
27.290244990261293
30.29236286687989
31.39972536955019
28.469510308056567
30.22070334992774
28.767979769252033
24.14241285812489
24.39818853579222
28.198481425523457
30.660327612580595
33.165142109743016
34.22261881928568
37.86918608150531
34.46785701953632
33.833323813961435
32.63704836283558
29.611600410810585
26.09638948388151
19.06334297204292
14.463338587578669
5.406676418483649
3.273806279374776
0.401656299435588
0.1745732641649716
1.0218554279298409
1.6799594285201862
2.175848463032368
3.322218315891774
5.24650560032594
8.519519190275398
11.20395048592788
11.941426593882955
12.134315056745292
13.200980162242384
15.080699246678371
19.87213777605567
23.539102038831587
29.936240172500867
29.218872083711982
31.342052933440858
32.26065562965793
20.01201443091487
12.864066270176895
8.603781054952629
5.287365634095746
4.572836783281311
5.7103401394408175
8.487549233856635
7.494291797073394
9.6691014153525
11.715975397043932
12.277298052952547
12.4591304170199
13.692660636752995
17.13349667802859
18.47775262241981
20.61727812398352
26.94678768939475
32.266181968040826
38.14271962033577
41.99385773801717
42.92643000581548
44.608318772020816
52.961651127545856
56.8556211173776
61.21572119899052
63.740933312984986
66.60362111886671
67.09175964091
67.1544702535854
69.57303025304718
73.5958505060568
75.84454524649158
74.20579733968037
76.63886306727261
74.42379778300321
74.99350452705119
78.19400924865104
78.3413722717398
78.1909167905528
77.74975508499676
77.34624628244781
76.75305660256547
76.79639236276681
72.66185939360176
70.30032077051065
68.51476494919235
66.24170944331485
65.09001913078426
57.63621979043458
55.75196825113337
52.0456422943621
42.25810109318098
34.441423435110195
29.49225193987481
23.80349933021888
17.940900098899185
12.934676214202264
11.519059289762
12.99867260013344
14.327093502980135
17.523439794071404
18.130988084907635
21.66093983445729
26.09313399853356
27.481287257309862
27.974590011426884
26.699696083597527
29.61537431636362
29.60160020194874
30.497002576721663
41.4228684121641
39.58538110353431
36.85827411895524
30.61795787922616
38.56497681955023
39.21463839017896
47.43599025511538
49.220061535288664
46.91095685861807
39.454465543326215
39.62206993656373
30.7683471305056
27.18300770439484
23.717235544157774
20.303603305216384
14.796601307030818
17.542508786695645
22.51457628453883
35.38344180264879
38.59685262825639
48.1222875193803
60.677014307303885
66.29269100624505
69.62465315205243
73.85092938683954
76.35201511405593
75.87790219822462
76.11777725937515
69.831053927281
72.21512577847145
59.8378084081489
50.71507582433237
39.91936029273035
26.144462621069117
17.346689005005743
10.641461949741467
5.488503564123228
2.596385219054228
2.613677904131675
1.793051357454971
2.1798673619691344
2.998299838073178
4.5841423520147
6.9869157477168296
9.829971702668892
14.034883186137568
16.883465172972286
20.021863294177848
26.635456630370854
24.812742597504904
44.45758699890256
42.88253127105929
39.907483822310404
29.302257958384374
20.210433240855096
15.17643335580636
8.85724750161556
4.893049642053754
2.134106124427565
0.251765422368187
0.1414118945278527
0.0627641988262115
0.929717444204746
4.259933062594756
8.786607334504396
12.053707140224445
17.531078933533713
24.06831769194765
26.272537150288816
30.42524100155408
34.416285746236376
36.9003256756314
38.948387995337605
41.52893198553936
43.35606498695883
45.11286488715387
47.301964999145554
48.99790836510542
50.29163453487291
51.16890456733016
52.73535386355244
53.96904994463338
58.416976651927286
58.22045421761752
58.081650001232056
57.822633073165655
58.911530082877306
58.758590150509086
61.406593400909976
60.45099639043362
61.54663899266138
61.84646100187197
64.80019912216548
64.77412706347621
64.68286136763908
63.17722787239663
63.93329176642097
64.09293043621844
65.09819456304959
67.7437126360415
68.4422604536759
67.65883386289481
62.983358765230285
65.52378132466595
63.01163711931454
61.76445932475568
60.82530445564645
59.712612471565365
57.84205322444
56.724052044726974
55.58057046446814
58.361632924972255
58.22180028741869
60.84752392704631
62.17095529452936
62.424816901653145
61.62637278258561
59.91727051548122
57.83362573143217
56.46047581575456
43.4637487971713
25.356848082793995
16.804431142391188
15.294665833641073
15.613198816327158
16.335095958098663
16.270227459440143
15.892482429237049
17.215241676899346
21.11027529007681
24.42857271726379
28.89490107036775
33.132516336003896
36.27589534856149
40.46319666740918
47.48070658657297
52.01489330325089
51.93682219330392
53.54364349210413
60.363131089367776
62.93755578727661
60.36372167749781
45.20401306142679
34.755542170963835
19.737348268234165
5.6796438984694255
6.637592185470232
7.236711786530593
5.825155398203143
5.155120813910249
5.523043601723208
8.371357094011389
8.235170155222157
11.462960813279114
12.719142672115296
17.230089550456878
24.99843140952548
35.90023357318712
46.334957234466025
51.555564676504886
53.29725736384734
52.43420302022536
47.592265739550584
38.59649739655898
25.970112792669745
22.335252600750312
14.089936172049608
8.092896726856456
5.715049254429067
4.379005712213268
7.36158900382736
10.593148277701488
10.726013215379677
10.032738136458816
8.331333155783735
8.656848650905516
4.522822647346005
3.942056605748128
2.8701230582968824
2.5619447666576782
1.3337072761496525
1.4248587812865072
1.582145282036313
1.685867053632725
1.792565598320654
1.640197881306119
1.2552843737148471
1.0362005913755774
0.0821419602052925
0.06
0.06
0.0317013570047444
0.06
0.06
1.57217336791158
0.0755372251632563
0.68331707859129
2.190861730894796
3.530064629298116
4.681701868998367
7.116053861072719
11.151497527061755
15.122342507468352
20.84123511015038
27.988603209567955
32.36062686081675
33.963368179467004
38.89019734776532
41.63551845120689
45.980668854702216
56.09029306176008
61.450996501320496
67.4710923095273
75.99515651735416
71.02760009084149
72.03317220500362
69.41661008777426
73.8931104914246
73.81997121988509
73.12361432025979
72.9478950772857
72.27010638784397
71.22926793681015
70.67098769888375
70.51061068440002
70.39269047617168
70.54350269949312
70.71558829663387
70.63208067068456
70.38203673637382
70.22898787435798
69.91440078816686
69.23284301866737
66.51114617728149
66.39912251373867
62.54971074189292
59.79596822113013
56.349849238321546
54.2413271234677
50.52187984207036
52.894546354350126
47.764801057676415
43.7152774522472
36.95990721282561
35.580682558362376
36.96458549516251
41.95635911158937
50.33805162408206
54.29809621853593
52.62176471288932
56.12156444905048
60.01260384377943
57.08912347633636
49.553188537584994
45.49839999380814
38.81120551599796
42.68296896002367
39.464451036444395
49.47803906082028
48.60357343011636
43.76066795054205
33.76219240223356
12.329585812968999
8.16291103530365
5.12813853077371
1.5667698830153165
0.4528868434926067
2.4005800179160355
2.6937006574577893
1.1156498247952231
0.9529354390808068
1.1054055247836865
1.198584210724762
1.6027939343384057
1.7319396844499162
4.20338852613491
11.743867814094928
18.918205462997445
31.49366340953719
45.3191166437111
54.5909404131127
63.623462236269496
70.54140376944616
73.27662265555382
74.77619270881641
75.55461044458075
75.21828419172834
66.6027614634523
73.10344348767643
71.51602032616191
74.03821171705322
76.65170296671988
74.3990999957117
68.337895771414
69.3052058706932
67.86397692314634
64.82810941547238
63.47607844626046
53.91156768515149
60.69392458643715
62.64330705043684
57.12131612831775
60.58133591650366
64.99248382679718
68.91767185316971
70.9568624819125
73.54760428866956
73.85973570281189
73.30279827511102
74.69993318179121
75.00912187005797
74.36289597467673
69.75828549044095
72.49405320433932
70.2500682594021
68.6704506832902
68.82481196698276
66.004097650634
64.62263044396056
60.8616973016718
60.88821699168604
60.00665677601209
58.38254035414436
63.22620883027397
60.4890511341664
61.70385222498207
63.366821274532526
68.27350250899823
66.28901178977206
65.22992521781644
65.23298868248273
62.30862677996944
58.55949897982868
51.22113998070444
50.88622783552363
42.828270007834114
37.85946705836833
30.0813070434495
27.33891271566729
21.04236819118427
16.01918706353399
16.47501234378676
8.161175907310747
6.943338936748418
6.689524048905026
4.976423281877674
4.201308509607333
2.621987995400157
1.98609377654462
1.8831565701516595
2.5463728859623767
3.545521430889946
5.126706097693182
10.11519861209288
16.23365575941662
23.56144734782012
30.945510343201462
37.7177673821046
48.71849393351774
58.850279374949935
65.32485452476855
71.10030089252652
73.49886784653359
73.4066821905315
66.78839676979311
67.5410164295582
74.56955266418137
75.53111192683008
75.91261723564847
76.15235710090715
75.91934191345119
73.51925105907412
75.73530996882143
73.37951021277779
74.33827953602255
74.55684159782348
74.69563153351149
72.61030950816112
73.16271037437319
73.58165541163406
63.010932942954895
48.966633801529696
35.543622825017245
17.351104641503177
7.6298255635180094
1.6305515343334545
0.5289557734003394
0.4078797741969873
0.0
12.112120086037585
13.040922141145774
15.914351589437263
18.87478861924616
25.22976261294
32.22393842864717
33.39690731610627
37.15663931276349
38.9846802770155
41.26020744635149
48.35224120209144
50.138251051091466
43.91783333870791
58.47390620932565
59.25233312559966
59.47623767482517
57.762210898336456
57.63348008897951
60.398944325916425
61.66710073403418
66.27013895369262
64.8892017702603
54.36609490501833
59.07788944310813
57.45027743873698
58.335606561533936
64.83551342083959
67.2781970693461
70.78643908133066
74.02903256840406
70.95089563731365
72.9796108778361
74.75582098428094
68.29276490770081
66.02967623801202
60.85160891018913
59.70593725118203
63.55414230507021
61.32336471569963
62.01970815242581
60.6040684300855
60.113509696213086
54.38079274133664
49.312409551987194
43.40844711842703
41.266146864127194
48.31482758658449
54.01323817775401
61.06981849805848
63.18021057116084
67.29095400237867
70.03188503588214
71.74342768592764
73.45373280442759
71.86678858466354
70.70772015847953
69.99005250094876
68.80010247438133
70.31385522492558
67.46375131735161
66.90395632051778
66.40784421091388
65.99943632516491
65.225176373413
65.89706742836984
68.79868281187996
65.14740333169838
56.94012749146537
38.00292122259475
35.48818198198654
36.088533449573305
39.25549720420047
41.54090263677759
39.855981541923406
44.24401952023383
33.55409752401202
26.11431574046633
23.53923551265224
21.014640781183235
17.990069050455528
14.006046566095032
15.822548154495484
14.853747677925774
14.674790470941716
15.144747234983395
15.572189011329844
15.802462739059374
16.596584188690297
19.24225502520641
23.30729990437946
18.522767841983548
15.947634596752902
14.15551985332622
15.968117652404052
18.65905975181721
21.11829770655504
23.60131177593788
33.62369099886475
39.05418271094904
46.17201009249816
53.39210946216871
50.587784440478
50.49113280616755
51.73374676341668
51.35665937252121
44.96876597579816
33.78009279710942
29.40323933453268
13.336435470267531
12.401785527938236
9.111379207315627
4.433070863242305
2.368358350921589
0.0954099460148913
0.06
2.033171000338693
0.0977752703825592
0.06
0.030846108
0.09121011
2.6028661534629225
0.047139204
0.6301999994653686
0.0653380242494598
0.092666108828347
0.0772409000819397
0.5090733757654452
0.0017899679399999
1.982446999573817
2.383905576557846
3.962290460689891
6.19396118651772
8.63766999174787
12.268209453666492
16.68942862035473
24.264385387584287
30.489677009731395
36.62434286678098
43.847503491133146
49.840648807223616
45.67929324579804
49.24120589879652
43.77645706550111
45.58563802338693
43.3673131551175
36.11930859186928
41.74749416866814
39.726627955799
48.006960947921534
49.45332898079416
48.38164616241623
43.910002734070105
41.1331886362762
35.22725486186753
33.7660718086828
34.270139202209734
34.82239953365119
39.74754361965447
40.44614426972634
40.79478194593305
43.01338724739128
45.41644041879313
49.83892390481643
51.76267906558745
53.86615939881464
50.32833942253295
44.698602182985596
35.686468652420594
24.969272028581315
14.558470218053236
6.933844817720089
0.06
3.2424611914455594
3.74535790377188
4.224035088157733
5.1545606165554005
6.990833329241831
10.097997754899383
14.717321524526858
18.83051658407925
23.81636887620964
29.712945536871523
28.23449319284506
31.93050870356493
30.656629265583245
30.629977803657493
26.047130776630723
20.60611764712231
18.66803386059198
17.54003926382667
23.27311909402915
26.558930331061543
33.12825549403297
36.16751855398907
41.589003654458665
51.692380078545234
55.14307104734513
59.55271450065023
63.52211960994797
64.72415100206491
67.03783193785588
67.7426597785564
72.32398661363504
71.3010951566227
70.40137787168001
69.69555738598086
69.81639348189324
70.28112064000194
70.55768207213045
70.65047284863644
70.50854790139115
69.95240551642758
70.58368876829424
70.91606229006973
71.39833393070226
71.63124625591904
72.04539393577159
72.05075399330556
72.34377379824616
73.96681907127245
72.27746369081773
72.06905072457066
71.2639926654138
72.17493161895915
72.19871965231118
71.13816119598123
71.37563899769279
69.05885936673067
68.43642284363705
69.95635593424433
69.88817100464112
69.8599462560839
70.88257469075668
68.93303652980495
67.18979595757699
62.64526729662391
57.92850641375645
57.49152673329017
50.61997952526954
49.44990413564253
46.85189399929641
51.50314797968659
52.78360805839103
53.80382855170368
53.80575354569592
53.855924467469066
52.8792903582616
51.39809070734408
50.70933749522232
48.33022897054538
43.65848065079948
42.43121977541969
38.31743684606693
34.96780654078913
30.269684412567617
22.25567071503151
18.506092942903265
13.79024127530695
9.82609680561484
5.9230142496555
3.457589707441327
0.6583388113048855
0.06
2.4888332319417783
2.921913821174149
2.6497004172783893
2.6549923775997133
2.585803836385959
3.3959932617899207
3.543214398389052
3.129805232254996
2.8767549720681505
0.5133986930132866
2.3081208896420344
2.680521052091424
2.588793952617413
2.463608892370113
2.776401227443765
3.360870568580192
4.069245895894261
5.440412877736965
6.242969150735927
6.548028128721161
9.30579822781038
9.535213065511115
11.160961541326303
12.779606635561414
15.88970693416335
25.932174227075592
33.06321511815355
43.02660764275702
43.92820450397696
47.267517902235255
53.132879637829326
54.20089600805252
56.54835029496288
57.10300490407416
60.74513783264026
59.98123518590052
61.7340658154359
65.79002237571284
67.33185196537751
67.62838135476373
67.73752770092423
70.0462552641475
68.76367982332962
68.26869183026534
67.45225826903626
65.71026483455964
64.07190882165926
62.28459287246858
58.15782400568348
57.69564490970871
54.42919460024205
47.73144747685799
50.07867991257242
43.01489059617246
39.16813154249397
31.724426745220576
24.22158950043813
19.85999203561173
11.02292828160322
6.831368331709573
6.463274295908418
6.062696780460111
5.895059759632438
6.819332050290342
7.952537121348485
6.806600539527359
7.238224464533442
8.430975646006509
10.283297550868184
11.015663674266335
11.67014791763924
11.953587716686592
12.720686868534088
13.60891298683195
13.825874939444397
14.441341968762686
16.144979759081732
12.75745469206904
13.894376008819677
17.705773997744725
22.44242710639669
27.968719528167743
32.49035395197516
40.354870073019214
58.86913627952076
61.35192507409151
63.5183610997678
67.79947291976633
70.34056513728089
71.91325849002325
71.93914509603692
71.64345300676821
69.70406666344496
61.71367240456964
69.80792690058199
71.67526360109954
65.75412970716779
64.49034573013913
62.04835436993617
61.38522317150707
59.51969179895672
62.17394183570083
64.40639651609267
65.50991853126295
67.12522097533466
64.53023357578323
62.27710373866037
60.589271422725545
60.09835427340972
51.45409017969942
57.864852316985534
58.26292121759411
63.79915426276241
51.14842411489198
49.89662243758055
44.543499899488296
58.07989506085402
50.93733176476969
57.63937970310822
56.27523038580177
56.7928947837113
55.761484498536326
58.6223696299102
54.37651450925513
51.21193648605136
57.58510788698019
57.74139031764344
58.87685446447489
59.34289236617251
61.03792457658422
62.95937142082381
62.94131292806437
66.40129477674184
68.04887465263842
67.27337560672926
66.17030802138297
66.64756129824646
57.95032214596995
48.06022582960875
32.60624555266312
21.21631897248737
15.115183759944133
14.378081262129196
12.082888702422226
13.459501196716284
13.566803644145468
14.897411633645063
18.702736118704166
18.711000315226283
29.10657246594916
38.03114753686883
34.750198001267734
34.15511553775117
36.69028988410469
47.509589400768
53.74423881225684
55.43229558434314
56.32021469379232
55.658219029465066
56.24114664023523
55.40789961740073
53.467677368665214
51.98656170496027
42.96769193483185
41.47138454930933
36.16873508240181
38.983739683776975
40.34220307644688
41.31091714746115
40.95311857272554
42.78989928513126
48.32191963983336
45.637860555878106
38.02839270612839
47.59466710195464
46.223209807470205
45.62061904452265
48.932957786904616
37.913225326335535
44.8027015560781
51.222936672430805
54.188139405533335
59.44929997350626
61.17729166816486
62.95945076436741
67.27311803230957
69.71050304761778
69.94921250034461
63.342267733015
70.23603183601493
69.7063724714765
70.4209246221582
74.35038635169165
75.11820025791296
76.13943376061894
76.30247149924685
76.88142160703238
76.61508176240095
72.55211386026829
77.32363004465378
77.12686822113824
76.75656616652931
76.64081053347489
76.35197029877146
76.60648707560534
76.41643129694795
76.53759514936114
76.96876670607575
76.85034776353336
75.46009857100385
73.1512099274208
70.50934706503797
66.85288059775723
65.62929239698538
63.80997486450139
62.59541475811343
60.42860069352297
58.991463242919146
57.997323781431696
51.57551802220618
55.6559377394786
50.91855445352344
51.38632219171431
46.97126541186778
42.80271065120209
36.12165900063946
33.70955562952224
29.95916084149338
27.792210111178985
25.57057989695526
21.057513326438432
15.114142800695111
21.17363774920156
18.48828285039729
15.003944257677816
12.532920472938152
9.64850463367709
6.408428654707253
7.3250980817633184
7.39946438088501
7.040875580755229
9.27887517957736
10.499572269813608
12.513804834414753
15.668069571635554
18.81717705740424
25.01047753779385
16.42634909091724
25.994128164779774
26.10365706205624
27.25078950855669
29.16222582404495
32.57784864508214
36.25033049714262
38.87372736835268
43.65571440036523
47.884138618541634
49.21937089495253
50.10607935520495
50.35459271900101
48.96397283726428
49.88084204441407
50.0708558639796
50.696513829398576
52.46991936704123
52.3112293747145
52.36932269996159
54.52567169037698
55.310553169093
55.687019359894656
57.583786339981245
58.10738615723216
56.31418858508784
56.80522844378843
56.936081812094336
57.725693693980105
59.4662306539908
59.872030203450194
63.29936338019933
60.02883090427885
60.15989857864784
59.86830627135238
61.482681282949336
60.25105997505744
56.114324747415445
56.10365825773278
56.47305649497966
57.39809625694526
59.90966279919712
61.558126504612886
61.76113575505504
61.77778597061919
64.37239514271364
67.07573739893996
69.03522380940355
69.87563572487616
69.83950437945477
69.24455998987389
66.2415008055022
64.31394379614198
62.66440442297159
57.70778813110729
53.2562371657017
51.40835504554078
49.43979840133037
44.47830149849592
39.89246486308384
32.222570050683615
27.201893259281043
21.732281157896853
16.947180383686753
13.56963317627044
10.614180480800345
11.645932357115008
12.913476168935782
12.531000486106745
9.913370054604076
5.642096380432559
0.9565488319174007
1.0794010536432748
1.5883628080308956
2.8815268423699734
7.585027952533791
4.162686653304627
19.16231532214355
33.55768376669191
31.087149598120703
46.13407909774926
51.91650369361028
54.52950560871091
57.32363204947274
56.36642869353132
54.9740207555852
50.9728472194303
43.51908453900068
33.08642835090626
27.275059328668
22.08460817319473
17.064190233169217
15.316341320775194
14.381747752459496
13.067002263641983
9.170743100161348
8.100760167378272
6.301187345064129
5.644331448380639
4.209076495565419
3.763573568467232
3.816502118902297
4.102382327225103
5.192883196010298
7.105185096666102
8.351221618296236
8.689680627714266
8.479410476130854
7.334188851472047
6.069361023407369
5.442917300923802
3.9993794669283287
3.890285302892506
3.205381078831458
2.728155904107143
0.4157607369400603
0.3189239116624293
0.06
0.2003405804825969
1.955536277885411
3.3150609173928443
6.858719168263423
10.119456432232862
14.3107125245309
19.20903585044275
24.22812603691457
29.60222054628244
34.95610497106163
40.44259904449535
46.01368148948226
48.770309259121575
50.99381571827197
54.350239592369626
51.16569504358928
53.174671524481234
50.85657517598018
55.76713360841853
59.2427695244501
62.39483457474146
65.30269954690037
67.02846394112683
68.05038444233922
68.8782883111918
69.92785386380444
70.49974058337246
71.52226520615844
72.72025367816742
75.07889326630556
73.51270532958233
73.66298920546336
74.04104394005542
74.01606133993425
74.56932334101292
75.08942303629142
75.02725604592206
74.88373171595765
74.0265008573421
72.64364564916286
71.22458651895258
69.71457949796631
69.22875235229498
69.08787804705022
69.31953174786011
70.02263605071381
71.46944470531233
72.04241766747872
71.57457367188888
68.7271873315402
70.99022425594544
70.24980426762622
70.34086486143961
70.13187097703907
70.09271335369374
71.86031827376064
72.93435015982216
74.25392394714744
74.79760316082658
74.80642567833937
74.80338206902985
74.65989478883789
73.68360784413626
71.12345365885547
70.53847341992338
69.88704176488359
69.35750629618153
68.76557801941301
68.06955831788287
67.84062108524176
68.71861640534914
68.8333577287447
68.3464214701915
71.16189516562213
67.59342057321086
67.55569240893493
67.81711711396666
73.00050425824338
65.75529373694636
66.04246538297416
67.98889317977984
70.36450889423598
70.91267441084268
70.56925157414
69.27283628465794
66.51342587602932
63.60498628609007
62.5135336033708
65.69634157878747
67.1818278869898
68.93272811836613
69.92738506206916
67.07230349474857
60.348782062181286
60.108909952574
58.202711155394695
53.45768718366101
53.806426062508464
43.71916792702829
34.34417567533985
25.22403286750789
18.962029421172858
8.573429698247402
6.044408821524584
1.4364220603113456
0.628170050697732
0.6308117085790931
0.8951233385776673
1.5715958304116786
2.038110086407365
3.000560993083509
3.985180494519996
5.60073052065389
9.18335014897536
18.47697901184416
24.218521518897575
35.70220281043736
42.401338918728854
40.39312660107708
39.80641878947586
40.83722122145368
34.66831850091619
32.590047937426334
24.565787388133035
17.00131509723612
6.006285891876407
3.195660246190048
0.6507025014137884
0.3149313539881754
0.7522327113592251
0.4743948629579954
1.057868701596656
1.5472673054928054
3.1841318871509205
4.728845020595056
6.3717781901494455
10.13319183885978
12.31749338991137
3.2603921776211826
10.125012943669104
9.955046727525122
9.147669076967848
7.0208547715851815
3.933237760969788
2.3408532018489723
0.4706466157339832
0.2479523400743654
0.2431191920508909
0.9343883188112914
1.7066497108041776
3.05974329224228
6.394634487553494
4.309139594076974
10.185082799301533
8.308065762484622
8.64900104296699
7.754241019057888
6.990156338550345
5.740684863885428
5.510847107546109
5.793210478933604
5.555341631280204
5.719597298335928
6.584329388619058
7.393682927143987
8.654637652861135
10.769549637649266
11.35955711582326
13.513430825233693
14.822011044098623
15.282037338705392
17.7116271457789
19.28411237468798
18.08938193073601
17.799852247249433
20.69158378722064
17.926452204708305
17.25154108529375
17.371806712487924
16.90087288626951
14.554584072991297
13.276577007857604
13.588006749230637
13.890888951448712
13.05063723284608
12.264089394298662
11.567264694990524
9.580681052263673
10.233109943027076
5.944769418709086
6.103449291534986
5.924406897085236
6.297224069397833
6.298439200080033
6.211506533377275
6.500899794078289
8.903446985707157
12.84797711122367
16.42793480652611
22.957301210835336
33.77266367603233
43.66814272978357
60.02769987013637
68.93752182679798
71.91109132878516
74.05915180425623
73.41776910243732
73.00020091954892
73.80630717670807
74.17082323640025
74.42790627812283
76.53030663797786
73.86949487727132
72.78485048171461
70.05936866457463
68.61526102645144
69.94467920110426
66.3162753709875
64.00425719292646
64.48418490322297
68.44040395205828
67.09652246244862
68.41807262094608
69.8646343168634
71.21220850318453
71.30538235335064
70.12768478220974
68.14869788469633
53.21485867390592
39.03646715616789
38.32701823795056
35.30239501065918
33.76923725558856
33.5486111336568
27.99294694919561
29.38386441668988
28.04357103757431
23.520962517452563
20.37286006006854
18.2259812037272
17.038979770943268
13.28918009869868
8.48709029092158
6.15924365433764
0.1032957359999999
0.34551009
7.276781060210361
11.65852099587811
23.07901972848961
26.0353745342677
33.65256452252207
37.385925166317975
45.10412474283545
48.20957394387286
54.42057787959271
53.51030582733556
59.16421704676411
59.92615162456349
59.559485559784335
59.20110649349609
59.50379748609004
60.96458387151984
64.49251451123465
66.37300956482086
67.86164500537834
64.32991818361369
53.72216168297877
64.48884159566612
63.36551365078275
67.8663576335509
66.59907515374493
67.96528503180093
70.60274457770709
70.72914100898112
72.80733355648375
73.14708406012903
72.2931814881352
70.29465917548893
66.52781571238444
59.62252146747728
50.98132950615289
50.38035160054035
45.40658672163436
48.64612669361695
50.5391132647113
53.08130792851326
55.57569740601326
55.71649066261313
56.90467934134368
58.533906407347736
60.04716501091243
60.59430163097121
54.35436325629996
60.36735037180946
58.60847341855866
57.39485106050705
56.41267085484915
55.39427492049807
53.75870212024227
46.95920726221817
34.83162983527144
29.65292216438097
12.069534946645998
4.714232231609097
0.2447753639999999
4.395061065260973
6.211721058882251
8.992239915915558
12.714723802569209
17.518227234294706
16.401518001318554
17.246035937434595
19.232977212935907
20.81248293732543
26.34913164926789
25.319106170186963
30.33408414697924
37.86985243373781
37.15095495251924
36.571334393129845
37.558347078564
40.46563943748441
43.79788470637121
50.988337723275656
41.29928914667539
36.16581681016645
31.18577860890606
25.598316326255883
27.909386680516253
28.105050193723923
32.36272555357503
36.22917883489889
44.0200784328112
48.64879294415806
51.82376798647335
52.47019674329085
54.61424728421734
58.127378720894576
59.18154225056277
60.47011056945651
60.36289544357835
58.50168154539351
56.09216924366295
54.13786658559917
46.99527095646856
43.39219997923022
34.81290049080408
26.82847261242924
19.414152458137178
14.545493383838425
10.20712958802495
7.648753243724849
5.7736653035459184
6.413846719151528
7.721272261659189
7.54353988362353
13.427758256797135
20.89284463030588
28.75643515107695
41.49293242877671
62.89803616664993
72.11238724603871
68.0498651380307
75.96103809741655
73.52657921812215
73.98649063334736
74.16153138960365
78.28633090613297
78.47807451794465
77.95259816578177
67.51827915516543
66.53804880382161
61.58808345618951
51.40267782337696
38.857430834468566
21.089896755532568
19.18331747502991
8.180761701248
1.67275345924538
0.6769346832110653
0.0
1.8259755560375217
4.6442017817988415
7.796485138326906
14.773989150562542
21.71534136203645
44.95295301824692
56.08007336662629
73.23357812874058
69.18448904968233
68.3643605523465
73.74384977900763
77.07263118304897
74.92672746221035
77.7537496659422
77.1444901594443
73.94155930063772
78.69422114810581
77.68283614219796
77.72880930449206
76.63671936426684
76.55579204586492
76.95696187903411
76.27740840730215
75.87612209984408
75.18436269344176
74.93958610207578
74.7110472466439
74.728630253545
74.36875341860541
69.93687710644679
72.76464630617264
73.03369463519171
72.78460651075315
72.67660783895883
72.84310728764903
72.9590795157038
73.69749671179387
73.98904205186648
73.23781430062171
67.85213751492806
74.46401135775864
71.39355867967433
70.79679509395949
61.42812941945009
68.61802167712639
68.39806439881588
70.99715123818122
70.41412803006077
66.1591860605611
69.61059208601351
67.10681444764953
61.45818385950202
32.680720167347786
16.692472379945944
13.752535336016376
10.248657738702148
4.896979183274315
2.4115430676261536
9.585281812022089
9.80889359776156
9.950273462246908
9.967274681466144
9.91037010935436
9.866594563757316
8.73439851695478
7.691017430545946
7.593470793055793
8.256152816641023
9.337101760228256
11.553258805372264
13.379137800807865
13.705269581717536
15.203408183809342
17.012528225263587
20.76864259172059
26.572095680513208
31.261550424032144
34.91578748983725
39.21844869810131
40.319365187533045
34.77734437781324
32.96280524187627
