Выработка. Результирующий расчет
19.38124582257923
17.00671396865649
16.91827484491177
14.803530321629582
12.262329589209557
11.277891546142419
6.282797860597514
8.600873841193765
8.616786353608306
10.893551196180457
12.232757477366373
11.255332171896791
11.500601199590173
10.686029592314599
12.321279828350217
7.402823744474616
11.620590177610271
15.629451094488568
22.011092139558766
27.298258956012344
27.957920155310337
21.077869621214635
20.898538356765236
23.557510370627
18.12805842374753
17.185650893411363
12.866064759430145
9.526079549263168
2.674261804905347
0.5670526794357508
0.5627447672974097
2.769205367313778
3.975458595893801
3.4624702442099538
4.212520069562542
5.27289977211925
8.30244119687045
13.59343336841436
14.985689619799567
23.381105270124902
30.50164055187051
39.052344528565385
43.04859130817999
45.70524823422079
48.50205653782133
50.70976742373646
49.844051229364275
52.952249258130685
60.030778033308984
57.86301784355228
57.541483390313054
58.02204719062256
52.72104957232767
48.94322381185622
47.441033037739764
49.02285794527225
43.1132104995789
42.49321796668184
42.5094464444271
37.430914241744794
36.26179275166835
34.4909683861236
31.10019289367825
31.884358096987707
29.772666361155366
29.473598095304595
25.359784871455332
20.880450199179005
18.016585654217323
16.66889304640588
11.31241873344684
5.973512856969742
1.7344005434185092
0.0596158091520769
0.28456725157827784
1.7678268331334608
1.330411255717171
0.06941480364564195
0.6115335247803968
0.6970166541401731
1.339301649049766
1.3823614503967911
1.640635408965254
1.876526169500937
3.507806342109192
5.993111739222682
7.432977585003594
8.386311192185804
7.953015486948581
6.998945219186759
6.661678676453561
6.979288598687084
7.111773421073712
6.8800842134998295
6.25339273426235
4.868928454741677
4.592260454998346
3.4717039683244924
2.3427978961551803
0.7506628872088932
0.33392792275413885
0.17454642422804856
0.20265711596160849
0.21487557637253527
0.7314325385586591
1.1779578697337254
0.06815776121338546
2.2823242090435927
2.977004943660999
4.027518461848356
5.940527203943786
8.781798661907446
9.909443990716158
10.09555258082815
10.936918749396618
11.71305272406664
12.742355522640121
18.205803635125775
18.644625627346294
15.5043456532277
16.578370769246366
19.732502178608044
24.154945256825723
31.825184356929178
37.90946218389983
43.60058163840927
45.20426397671815
46.79401526209755
45.14361148605318
49.800544028667645
53.645489783509746
55.66427841068353
57.85619182101779
51.708518626089244
43.20780509723117
39.77128900860243
30.480523681726442
27.979532318170943
27.851048890890997
34.19088223971427
33.11410653598724
35.15535618132811
39.70045345702095
36.24249707707592
34.7958256186121
33.212428808332504
33.10268659483681
31.500180458404973
32.94887834393635
32.523984021433414
32.69857326941543
33.946283173962456
33.333508487206416
33.80481857672778
33.50505904389376
31.532019385897108
37.359533092588215
40.34371995711023
39.00631591644784
39.905340513395636
39.55427156217122
27.467576954333097
27.396322421440015
25.697467427251155
20.419640101480887
16.689336330246963
15.663313978825352
11.391959930172979
14.72288336017729
16.69187322655514
18.273865963446873
22.49154999902618
25.00866543620765
24.033603859569677
30.40016687433849
27.64032673554057
28.409473248112455
26.459602726390873
26.851497287402015
29.893482995613482
35.27938738905761
44.39054372285658
50.51737138586659
51.71057761549776
49.9961520780813
46.63859245112397
49.27382791180513
56.41625534227787
58.670053752681824
59.30498915438265
62.79530666528064
58.59260299484536
59.44664443734096
61.242365520333465
61.453727565705904
64.29703584788327
66.26712441901411
66.965121214765
69.1520049967723
70.16687115884393
71.73041230377932
71.98161050879168
72.84072271967344
73.0309541936533
74.78729581478822
75.89897332009029
76.52162133264358
75.91556291987219
74.3935561204695
71.07076710912246
75.7737890706464
73.50824077576696
73.29369028981472
73.28157931556538
71.75185904233676
71.23570708751036
69.9473270588798
70.06853831861768
73.50501919425729
69.49100227382259
70.51050702244807
71.91704178434932
72.10541868437771
72.42686484401008
72.65528587497141
72.58326733391324
71.69456129707429
71.37073313910112
71.0215299528608
67.96963429606852
62.569389430147204
53.57006730656525
45.14610972457713
40.14400439316381
39.106966057528275
39.54610441392359
47.725025687136295
56.98440635199319
65.04267378549596
61.687489269151996
68.77466649305303
68.67322716100917
68.41436605182533
67.38324285053453
67.12786496747489
66.84594324271704
67.0945897788958
66.88033571751465
67.38355571820875
67.38455488713487
68.30988893348594
69.68166637008872
70.9877799308383
70.30598689569952
69.67073318812838
68.17342162622352
64.74623407554205
58.41282410491098
60.27061573296466
63.363455700935575
66.52455812708648
68.93724136511972
66.93742799431149
68.71040067880938
65.68936455769028
64.8518068506444
65.11278438365856
63.33515008494329
66.30549664668534
66.42553850426076
66.9789392955848
64.1298169798713
64.90516644802847
61.41221248460068
61.38831415814025
61.96035213678647
65.51027614092877
68.18266531925748
68.0116513192542
69.73193779748424
62.24911064753941
56.97863466501954
54.186941064654505
47.26614403619271
47.967742455155864
50.0770796828446
59.166893575057365
56.76224511376612
61.080000646772945
49.668294053564345
45.5339057753682
50.848711055733816
48.34655666856275
49.11837539905442
46.355644818009054
44.90947724011162
43.09566586969052
43.40057131666035
33.026862039492414
26.004366614056096
25.510268894980623
17.204001141496985
9.378583464747015
5.091624771867214
1.5952783955422274
0.49826734280202545
0.05932143817501548
0.5401158333940502
1.5172397502055035
0.5324526147020794
0.43565129172223066
0.6583552070091663
1.6295549794574589
2.0657124970978074
1.9598159513318412
1.5813124181165916
2.263284746764511
1.7901260854145251
1.570228702041822
2.876167416572019
2.9749947479939074
2.5904767336981376
2.157151132628224
1.60121437159805
0.36316090660659417
0.10776648234214428
0.684227255893425
1.031788381626175
0.9068470022060976
2.587723272441366
1.5829311642657702
1.1546947844582953
1.9243789819611188
3.133397765161213
7.335455297250617
8.858550609250855
12.220028845718575
16.04975044991598
20.899788118589928
27.06069111662178
34.17234773384991
37.07905596045653
41.741017086053375
43.340799118265004
49.52585061208359
46.35228797810956
18.497896975200103
6.56495745506243
5.654002684586117
7.923745103915583
10.393000570599417
12.398793819927954
21.093694988505757
22.933619182348323
25.881281998863567
32.11933048950162
39.43515395961946
42.949893358389296
51.067434643732845
54.67122935390813
56.95646861912818
62.709916897019454
66.83634911326058
69.12166681892116
72.70758632003206
71.87234812387119
75.89362940811658
77.27742502494021
77.58943478128019
77.90642484594147
77.95960951989427
78.14291409923119
78.13938142077228
77.9123473962328
77.88811203346529
77.8493861377572
77.27879838649046
77.53264165842941
76.53483348061957
76.58853649689117
74.53118268377396
74.90198826044382
75.53365778001832
76.0912160926741
76.23525305834237
76.51925984957148
76.64376101936156
76.81028509704552
76.88520230687148
77.16365715243009
77.14579345863721
77.69476065062601
77.03735148380227
76.46298386108842
79.17460784612442
75.8879020217096
76.88420129793585
76.87114290077072
75.85413757043187
75.4871481424816
74.69069988489485
73.54969656798792
72.25649341277814
69.4018927346358
67.87994781924225
63.01363989050818
64.96638859723969
66.97411288273541
67.46768942297996
66.96789740562372
67.73609726598741
66.71681752510683
65.71685251824944
67.05788637564973
63.38182288997283
66.88396923580125
68.7935921106828
70.19352721962052
71.234632907436
72.328736018006
72.75781500659575
72.54540083664351
70.87699230671788
68.87571536306602
65.44068647608182
62.52830554141482
61.961238841620315
58.91297255433986
55.77901423029029
52.23496548501368
54.72147179034397
59.495265068961935
60.77598530731436
61.1523402980837
61.57551920708321
60.940144020187006
62.28381202306117
57.33776786249696
54.625160567394076
56.01756066184815
58.03219255694198
61.789454176817465
64.19126025027462
60.10746324688571
50.36253809059755
49.21678381188401
46.16728381851068
43.56539444899053
39.343459058938166
31.959163047446264
23.56072905207357
17.951187671563904
16.93913489916752
20.34713740443073
30.385403618592985
33.75730045876133
32.40226571861645
31.42755762537494
32.26517272604382
29.4420924033759
42.510695532647084
48.98526887628991
44.0434410472721
43.31076458204686
39.04120543539898
35.297439526039916
28.350508337348373
21.991212943864415
13.492045695760986
8.519781764447217
2.5112503691337347
2.08728286671419
1.697995567977303
0.10194726823153111
0.08034081218347223
0.10931697725100874
0.2517422588112801
0.5967841054326337
1.6074617027613347
3.1040662981762708
4.683917274011398
6.174530024573402
7.429994349460712
10.989137500157497
13.525078903499903
16.235488677548897
18.996691515775694
21.167588908895087
19.431864015803068
15.169829059481787
11.420122175981431
8.614570616727125
6.5200710009784855
4.692186623405723
3.5589714728454243
2.7423830960151627
2.7444940677929384
2.6362664301323675
4.273926564362237
6.115022524712491
7.463100330945631
8.548112288059558
12.195168442700648
16.117148687691778
18.346073041067672
19.597248833465866
19.716623102563318
15.131719472683741
11.675261805848502
6.967250019593325
3.4453062409257056
2.0051654283397418
0.5728196409091011
0.8010879618320762
0.8045843322603966
1.0686421954690206
1.2837281572483572
1.7479337709718874
3.727716948017725
7.159304993109893
10.021256432334422
14.696906673057038
21.78654078442441
28.351723766936377
33.59222591324017
41.00269671330293
44.05079877694787
40.68450946393769
44.78437799190963
31.208546328250286
29.17483119560607
30.005449601060686
27.61798582810463
26.905719909978462
29.19766574714272
27.537394892938458
29.80185931689387
31.359620567377444
28.37005362135428
29.74864603127913
29.618144176483906
24.17537656035695
24.70102856891092
27.95015259799682
30.400369287565685
33.08482931277592
34.21775135237087
37.57869905910409
34.253335752753
33.649825661053974
32.553842286557106
29.54088753989157
26.347940085107556
19.414266334642065
13.534472918123482
5.5289480447009165
3.3857370169881467
0.6674737638878893
0.3220770727657937
1.0752562555110536
1.6900088437648046
1.9644429383763968
3.434699973795199
5.311417164153306
8.475249003837511
11.21965941354488
12.025125908607768
12.262129718983996
13.257908955687624
15.086113102681526
19.650188723635665
23.413015131743602
29.7181952673581
29.133467867236302
31.469522657485523
32.2906937868243
20.52949458595675
13.062235955715852
8.701143597446386
5.437801440393566
4.6742016958766
5.573039209827549
9.460836089071128
7.644876298972177
9.675758224922678
11.689437211620811
12.323384367288876
12.611955434242006
13.80661332906755
16.23006660447791
18.46837078428594
20.73446928457191
26.87923617785279
32.14329694231877
38.13446131385919
42.04136396709445
43.02059765409565
44.69327184956205
53.315770456092196
57.06731650121877
61.241479670920235
63.85616308302951
66.67768863002121
67.06338912394524
67.20813427184964
69.47648801453899
73.35148357854453
75.63702422407259
72.38060468305832
76.71705582909121
72.92076636997791
73.33974597786445
78.0714155989639
78.32809974148596
78.13933281575527
77.75255543342436
77.39805479327696
76.88773609764132
76.89545470090792
72.73432436409355
70.25780409204388
68.4571437212041
66.6142012579079
65.05873014417278
57.79059044882243
55.81136787080835
52.131606341423335
42.81461671183935
35.32699779882856
29.796534262861943
24.170777853609223
18.35481346985032
13.411163664636636
11.865258878711495
12.869177658991557
14.406259670323973
17.622414640457354
18.276128423290498
21.72442746789094
26.10700503169333
27.67477847156101
28.154328928878922
26.98557009175112
29.6535266829426
29.637706894441195
30.510720191300294
41.21588898093116
39.75305807830373
37.01493509691113
30.75263990495391
39.06601154291225
39.36575178033447
46.97826414514941
50.268794887230015
46.51878777445531
39.681831093688864
39.32297817344155
31.069247695695143
27.767225644096644
23.179726802970624
20.42044279360587
15.42577809589054
17.89685679901381
22.671675064551103
35.19618205114745
38.51648644267853
47.950637717727965
60.487062410942634
66.14280319495607
69.61227670731923
74.07678461263984
76.54381350935047
76.02318369339558
76.27852364011095
70.68875426332032
72.34108311062096
59.55478806328561
50.473135017154966
39.34737610207893
25.816288885683445
17.49759919625696
10.919385427897872
5.563605925539428
2.6162616540561143
2.637089407229218
1.854763558006642
2.253929213075773
3.0404627679359275
4.584478956403394
7.251116050638313
9.992714783431612
14.067282260286538
16.84258647429549
20.265835679561743
26.71244977878283
24.818562218310447
44.38114950827677
42.65444643809798
39.25689633185487
29.330114805774482
18.707373674935795
15.376727683709705
8.829459787175825
4.9626876347431335
2.2476764223923356
0.48515850948547706
0.3513737427914832
0.08679493763685778
0.8200662003169786
4.087642866557776
8.773140348919009
12.048072021601218
17.72117155846859
24.222405320060947
26.605730999128614
30.90630012771766
34.73507737774952
36.639579777600765
38.44072496308372
41.06578372632988
43.18032617412676
45.16452812360769
47.4238230005267
48.93432577935448
50.33142994360834
51.24135687816419
52.70186857901964
54.20042150699699
58.18525546484927
58.16411711481339
58.107367944487386
57.790276706405145
58.84132707994606
58.66450843953994
61.20365440872017
60.31577623629454
61.74217243384196
62.15519041354643
64.90730702132127
64.67065239933281
64.36230387942477
63.04391480391438
63.81677905585899
64.15751140751658
65.26618186966712
67.87434857112731
68.51890792201026
67.68270707847827
61.00568526752746
65.33677592424388
62.71238454883684
61.746694326750884
60.85721787433891
59.62893068419181
57.78604346839048
56.64714717362061
55.466861856608496
58.237025970497164
58.08784194716651
60.608041459620125
62.312374863137926
62.438473766615296
61.51834905942856
59.779792921948136
57.90419352711185
56.348493310494646
41.08240229729437
25.882627625745023
16.409298227576734
15.171750755470523
15.827022312175083
16.47912878334573
16.26381291186991
15.907658622505197
17.45810341623058
21.394000599517035
24.65120418851276
28.891690055073227
33.09545145077153
36.27498814308996
40.52587476067696
47.54492722504194
51.96700654368687
53.08682148748236
53.81656711687441
60.556825419271384
62.731830692282635
59.73122804513174
45.05335883691048
34.8713372969727
20.032963127557124
5.823114031742997
6.72994876233276
7.537536959731319
5.728049558937179
5.048756221752559
5.37825197781444
8.117691823391334
8.147918017970428
11.297937220933445
12.566268819703367
17.071737542028195
24.73552459991579
35.58056792292106
46.06553464742124
51.324346357485524
53.059113419256846
52.19377644121221
47.38843793953689
38.69873756078739
26.255977618074105
22.101390457911084
14.266809539973718
7.835424857884371
5.694245777240804
4.205114554819691
7.40609667888363
10.683456251690089
10.694758686479037
9.823420811157437
8.013308939129203
8.28800342877868
4.584638042057529
4.029861275278104
2.6381829987529253
2.3616787104722117
1.1641619000512238
1.298153040432034
1.3089298154894826
1.3918809324799386
1.4491441755998407
1.293346131802794
1.1767182070599465
0.9726640633981931
0.0768228995568345
0.0863337493299488
0.08296468420113716
0.08487090953441062
0.09281784015036103
0.0958670166771465
1.3705257547907277
0.04007324575502894
0.6219527206744411
1.99552115739578
3.2612104110799107
4.415974710766352
7.202767608876951
11.229691092756273
15.277999653637929
20.991676986438232
28.094137031151615
32.39640020258103
34.014464359484435
38.89767439804044
41.62157939861938
45.98579748132935
56.31056962040357
61.6528496248113
67.65725357236006
75.8663518689738
71.07286134471259
72.02638077536784
68.59248720828835
73.72465230410873
73.6999676669261
73.0589323714249
72.96924837315143
72.2924166217767
71.2349580681173
70.71360264130315
70.52392076246394
70.47090429596423
70.59971875291049
70.71573453977896
70.6228113460863
70.38354149465577
70.1754460388789
69.86539345906543
69.17452384015051
66.38863966682297
66.54529345309253
62.30907068112823
59.77454358134309
56.349040035851
54.2828716541526
50.39014360298517
52.35227896424616
47.40706109688303
42.98980519253764
36.7066490143868
35.500351953433885
37.01503021287475
42.16194935913302
50.04249598912696
53.679078602396686
52.240211522022726
55.699930648453325
59.57747565168496
56.77177834293526
49.44226148034788
45.473100543747734
38.72047143782545
42.578380387161594
38.19928922110752
49.40687888976833
48.616539669485334
43.923589479922015
33.70396869197321
12.30521227612917
8.012092330619373
4.948355898101894
1.4551401962685224
0.3891576140663428
2.4327737963033473
2.592827998574956
1.1435337552495175
0.8042432482934255
1.0063293819760817
1.2240724495358501
1.5021152150271908
1.704171942719393
4.362258880979365
12.067742990859482
19.40488582767365
29.962003283218618
43.83543293538271
54.71651799272611
63.540169523600255
70.64141934839509
73.32195880485966
74.76173202813585
75.4763901601863
75.06856634283228
66.24690787321275
72.38245579745939
70.40621088523737
74.03741330496113
76.49418330812719
74.2904893701912
69.54330365015304
69.45999291056471
67.62488386587334
64.74455846921335
63.410010684302925
53.7013796783257
59.64765611593414
61.891198769572895
56.908782717533214
60.52555325273055
65.01470759868563
68.9553560602616
70.84765617185501
73.61853743326114
73.8790334214841
73.37188695425168
74.48886509962848
74.91318482181694
74.06427376743576
68.92304996434956
72.3794314004488
70.142452347972
68.46444497063548
68.62069187577079
65.79585114816653
64.58427410760831
60.88240607409177
58.71831567613214
59.655566183516484
57.9938728205026
62.87904405465301
60.40723769010527
61.464010906838
63.14896916539721
67.6099760956376
66.1477868913153
64.92824632057719
65.23709935002731
62.19830508174243
58.370656215446644
51.007853460392504
50.421390415949766
42.51375362690775
37.32249882663357
29.903883504042255
27.273301294743675
20.994670626883565
15.887700802119719
15.96371614821626
7.825422563031371
7.5312022218707435
6.3701014413998855
4.643738093343614
3.876653953045464
2.3589995554245267
1.8651151428604424
1.8226902766907782
2.380082857544042
3.3818050525005985
5.1921531897341
10.086410700259972
16.489909400228687
23.793952021817354
31.23272427382131
38.06270539653793
48.83436273197857
58.907093288617006
65.2773357457302
70.94626425202499
73.26708136837054
73.19945706346482
66.59390028765927
65.68904541259985
74.47348670567389
75.45569607233485
75.94456921629893
76.08206414348064
75.96276300443397
73.36505442909234
75.55151450385293
73.29284436249922
74.22836344041565
74.37248356130767
74.43461679176595
72.3470225359335
73.1733192247537
73.40154713468114
63.00726309231682
48.87628969243449
35.62180370935063
17.283897661038747
7.363711860921566
1.4820991238998371
0.6551043824092799
0.45296135102282836
0.5185373911009995
12.408540815145878
13.61584897669405
16.149492422099943
18.983008540960686
25.340333086434537
31.94064892318748
33.176607000012396
36.95177590453528
38.87899769541067
41.02521491099262
47.95478091950206
49.967483283904144
42.11444032891676
58.74374395037287
59.47879411249593
59.7565213325304
57.893437451111396
57.78479915294218
60.568159609374916
61.96712853509342
66.053705088987
64.98102655651233
56.17633870196141
58.48182005428303
57.67799735616414
58.416295334590515
64.52528568969589
67.28515937190525
70.78966021669144
73.94734776154921
70.90155635467812
72.09253951444278
74.5352682015669
68.28208787407205
65.9738998118554
60.777602616390105
59.55561144915371
63.23466576664047
61.29232358078287
61.786712927006434
60.56038027591051
59.84363951196134
53.86437480559377
48.620135614265195
43.744511268057195
41.68991643504599
47.57763962107508
53.71049370596763
61.09677686395758
62.96807803381929
67.27603247565771
69.90892097478245
71.86444731306128
73.4454837577238
71.97285075045765
70.623840658906
70.05588310539571
68.87147645375396
70.2201640341683
67.38315436463407
66.78078537701779
66.56359286390578
66.04073113591961
65.14410251953913
65.88040863470374
68.50763453867289
64.59172154267269
56.158961987620465
38.01694364425098
35.166068862169205
35.48463141092036
38.88806376007948
40.99268940963173
39.48558611440173
42.81311879903354
33.13013991692248
25.6968709615762
23.162529946075285
20.551041016082927
17.624693990834214
13.879770034807176
15.779185385452392
14.852352988328725
14.685094108304131
15.077823134344081
15.697704491501069
15.864503235538757
16.631635313990657
19.249405751509492
23.158797556142705
18.56092657187002
15.883913319796482
13.957124294573193
15.855736407468427
18.65948501510902
21.32834449566802
24.004483445921494
33.91391318993846
39.449728977626414
46.293351850229136
52.99613868285282
50.47962201634548
50.39291767044656
51.60689505792991
51.15191948533238
44.793398261882004
33.75246089147015
29.265285637517405
13.394700379472214
12.335879536571362
9.00845278754812
4.2958970924782935
2.261519005747831
0.07621592960879466
0.08044971782568577
1.1693832045756594
0.22933287271165265
0.0849149676838973
0.05680220039834677
0.11436078540947808
2.4475633126627425
0.07490582561833825
0.5781502937304377
0.11259594403894047
0.21583165267003376
0.2340501324370363
0.5464423513927449
0.04205907676981032
1.8602290299889253
2.219098675833525
4.054241416943221
5.841693300675141
8.425142157985093
12.449725878715983
16.797252776189325
24.250192335026362
30.506817317503632
36.55395997513869
43.57940107076686
49.37041638972011
45.32187473767433
48.18040714958563
43.293795077949646
44.67714150491881
43.2524846543969
36.694919802759244
41.59690888949994
40.20417736438623
48.02862279440588
49.518759903253624
48.546973085794
43.95074512998936
41.249631478952764
35.41672079954333
33.869894986750964
34.07955219082363
35.069364895968704
39.91424792242796
40.738326667672126
41.19009831437209
43.39166901179521
45.74761505986899
50.36202964006234
52.04975994767969
53.943882198753556
49.79730154265627
45.1331660776085
35.48219393771065
24.929955718405886
14.334146055114998
6.879262014724305
0.3502376135275696
3.404995127218049
3.896897324886304
4.249978412063576
5.111701244913619
6.866711984559827
10.27040679089169
14.803858809446021
18.801563747850693
23.95629697347248
29.639380999746404
28.26603857197047
31.83090828423208
30.953125294316717
30.27482014520618
25.504009263319247
20.24283687516078
18.422866244891406
17.998697065783986
23.49254338050325
26.688717210526868
32.81741899235718
36.08828841164272
41.599009803697385
51.50974709940085
55.430063035668056
59.78092960309957
62.44708848380222
64.70552135321141
66.94131693784625
67.70781839578397
72.21822436700708
71.16307215088722
70.66642575639932
69.94823715650628
69.91995744969022
70.3834801539322
70.64585400619865
70.6594469648911
70.56642886606929
69.93655220970443
70.44352201003885
70.90715001911572
71.3360767671237
71.63910547611016
72.04368060522542
72.0557204187673
72.38891787808416
73.97855390232006
72.36883104593647
72.096027449477
70.59500367493982
72.32199661815245
72.25222452394317
71.17614574129543
71.34844220558882
68.9757127313843
68.64843672701298
70.10186435290962
69.99952384164249
69.93907345154744
70.89637992572705
68.98199432890075
67.22083475550174
62.57733007163934
57.50984101396429
56.64742739148158
50.235296525379354
49.00146044654791
47.22355275514622
52.1535408461315
53.215571029121925
54.074360002606966
53.967747463444354
53.96832765783628
52.981670415143384
51.39443458391139
50.69983702259174
48.27356145083529
43.51870802022721
42.24927777073683
38.53548858418896
35.052831515769405
30.306824324908263
22.445383077848515
18.561546595494573
13.902533666996035
9.930316234781305
5.6924250145452335
3.2713174824570572
0.6355044614015585
0.1262118001264943
2.2528941647088168
2.671458829486268
2.4312967029160477
2.365721024456774
2.3483459483393987
3.191435408665512
3.283809965435018
2.9043591848679524
2.616378103485509
1.560468309724803
2.037165076994029
2.6001615793053796
2.7409059714967423
2.5673500096963697
2.8696152861976865
3.2356576268651893
3.87960487352608
5.522023392574201
5.9763590261648964
6.598666746126078
9.18784972560636
9.46523389961308
11.139669521248674
12.871010217425756
16.15379428844728
25.65004561710342
32.76200768625824
42.48026814792239
43.49011501398987
46.811210870596604
52.77509428025497
53.84396861530638
56.25657158789812
56.83768499270854
60.25825495061705
60.514606866227524
61.716110006931295
65.7841873817298
67.43501498330569
67.80079877822274
67.64785988350125
69.87526797072428
68.45373129937258
68.43409402520558
67.67200229764524
65.85573712156943
64.3293272185006
61.7108964719721
57.8937181016833
57.53294622254464
54.27567064700179
47.46337298149086
49.322608701611074
42.5339104591374
38.763170088472855
31.452839621022918
23.95528313186642
19.57821320290877
11.506868925734333
7.872236354401028
6.308918513176565
5.885611166859915
5.650167495154344
7.020034422246068
8.102380882241611
6.936263181402524
7.364257744461633
8.518533658763785
10.34743003121161
11.083334391051132
11.606271577913901
11.950621132951625
12.794394477721854
13.772697222787077
14.071068869886089
14.675744475917332
15.510148470916148
13.012980189416062
14.132416427569328
17.886581411474634
22.635732692487633
26.206460270697217
32.63923291811413
40.51325596531204
59.11180329783264
61.56395293697189
63.59025860015775
67.73988672997758
70.19889476992192
71.80013083960779
71.82791817049727
71.3893358861596
69.43634885415783
62.004271983572735
69.11684443936572
71.43985855043286
65.65904902157328
64.82903790376218
61.95725321101799
60.172014838385316
59.19070690704673
62.0287715586781
64.18922216924382
65.31514869951181
66.77807349035017
64.20370713834537
61.94600789758966
60.27149814675621
60.00774398442128
51.68636307430174
57.82016121732249
58.21034767621716
63.1658296733488
51.027455874284975
48.58569789276627
44.3415931945365
57.097323642230144
50.967186933913496
57.43026186533152
55.849891584798925
56.266415446455255
54.91840477100138
57.4744876135774
53.77657099970863
51.013970100472264
57.27023991004226
57.49079133708404
58.635512177302154
59.126179937112276
60.80224442041936
62.661494956533794
62.66597526983101
66.45197431410278
68.0435085884056
67.25347304457934
66.06363266294787
66.27527382205345
57.72266755912738
47.68803808152279
33.00899931446598
20.67941600548235
14.834942459471069
13.877029848270665
12.052149633387641
13.31309755782047
13.56222829407581
14.938543568650783
18.682749146615546
18.9157417120617
29.013869071427152
37.88755282492658
34.78499347544827
34.182160237168695
36.76710342987303
47.41151857038901
53.564743097711236
55.56093859808946
56.26544624030472
55.47310610988605
56.00389684435284
55.101444912861915
53.127898066239034
51.32101860224602
42.49987293595244
40.96308558952851
35.30354466728718
38.65548509275933
39.96128629863106
41.23254757210434
40.95972193766468
42.39540422557378
47.77928906483551
45.42142154813318
38.37368665006031
47.415079038385635
46.221252779114806
45.62868572820004
48.80927625078633
38.0296261592467
44.77116622072142
51.374253721676546
54.3933640145089
59.390443648751805
61.333278928142306
62.9547720332082
67.15856266958123
69.5810719098034
69.73855705619121
63.91244010189294
70.27731570682354
69.50132831225974
70.28646599699533
74.34646271927566
75.10752604153997
76.04386537054818
76.31576341416935
76.82708806498535
76.48295750876086
70.70685707394605
77.24030351374167
77.01776443541243
76.66387713173957
76.53098291138441
76.17281693078138
76.76013558427198
76.54976947687474
76.65317870575326
77.03622065772107
76.91667350405908
75.51419006268274
73.13965965964333
70.46863913579772
66.4472775017035
65.15634361878273
63.4684669521231
62.432196002229816
60.43868488333565
59.01516915909131
58.2722110253282
51.62548474986392
55.66690929658168
50.920604020385404
51.223768599912276
46.820398423256165
42.68649192450599
36.06839880638649
33.569738448384456
29.798432340771566
27.931261357878775
25.593135761259564
21.088333118103076
15.390637154138725
21.04209116341892
18.281434455854022
14.9210655185231
12.399045399602592
9.553976879021903
6.935127784601813
7.318317537477159
7.412984932765342
7.102602453717119
9.448141235731688
10.581763290117388
12.55193426837057
15.658242501413698
18.80866287584849
24.85614947328537
16.669856953659142
25.928728606270568
25.997075729947156
27.022443999767884
28.960242750104456
32.81263496342526
36.52174782169184
39.03673927427314
43.66982755972729
47.93065758012004
49.438189451412654
50.054577078351564
50.33078912628612
48.499932663726405
50.094412993960255
50.03866901874326
50.99553536386363
52.75339567501748
52.619019804139405
52.71079223690853
54.83666545646338
55.54149394658232
55.639376385439384
57.676472974465774
58.05739464858212
56.28838590404283
56.85064201791835
56.88864503668732
57.53483186978969
59.63569167648602
59.98050939332724
63.05329173773818
60.044407520541114
60.111941694018284
59.65923361571039
61.34222071938804
59.89991673155252
55.95188503837283
56.255912777114474
56.27907256640405
57.37496460264277
60.015618781194526
61.77674816498068
61.71524034884054
61.66545487159258
64.34439652566914
66.91119330459045
68.91372372373358
69.75152195904006
69.65385083389488
69.0294765728125
65.99991927945393
64.03358267796206
62.79707317055021
57.8144056665773
53.270055932916364
51.35203355382989
49.359403453996734
44.48701460855881
39.94872109310961
32.10048203435689
27.124544011127217
21.446297269062857
16.82756829370675
13.611173038793105
10.444153914161882
11.921115496932202
13.09616116655268
12.663018190917569
9.970539281721045
5.455802724344574
2.0485706166667983
1.1197504733214567
1.4195192647006147
2.719547197029563
7.607546560496331
5.351663450119196
19.444057970466975
33.918788340804035
31.527766955104262
46.49965471474386
52.11342742538607
54.809689331422334
57.38755932683104
56.59394451125122
55.330482900022744
51.28384814025134
43.983583312208445
33.639426239381116
27.59097194016171
22.28364585472894
17.29377992441162
15.569814878942525
14.534196472178914
13.193689518867638
9.039469121513815
7.94269741199205
6.16902048011154
5.4532426437481405
4.0573067648169525
3.5511800398699425
4.02178173601393
4.2048146716064005
5.274580728122418
7.364104034879536
8.527886946861022
8.870415154593891
8.670279324340447
7.540448087852245
6.319265266793402
5.642917317701881
3.947778261659337
3.8356133681184463
3.1700358969355906
2.7531738280766422
0.529197456915078
0.5429784406160477
0.09651105052993392
0.22920774649435385
1.7813443063661238
3.0994531927043134
6.905313243044221
10.107215769976424
14.295396145199152
19.17973758090845
24.543134968147292
29.820981182248733
35.14784152305806
40.53744269061473
45.98505202943538
48.57638695552393
50.66047379139805
53.46154118843375
50.41282735920204
53.01762560918243
51.36016705672764
55.94329133133583
59.587456061570116
62.65964148341218
65.44094063512149
67.18167122763202
68.16645127415426
68.93623822027135
70.01399297746964
70.54132459982206
71.54034818488633
72.69015692602318
74.97187604554826
73.30453714013225
72.9068790641228
74.09314792385854
74.02301572802607
74.56538320031062
75.00183253557485
74.87214319832513
74.81221532911168
73.93872509565097
72.59159501489572
71.17956027827793
69.71294937647203
69.08651767124057
69.12654511771503
69.32387528015312
69.9528881714757
71.50751728185975
72.04828330558462
71.53566688761872
67.17302512959436
70.91486803518175
70.09207236356738
70.21639918295557
69.9569045106401
69.80940495986869
71.94406506321386
73.01170246196776
74.25048435760152
74.71922113798158
74.7529611161693
74.694618005191
74.58749379816184
73.62069850539973
70.96998321205503
70.47074446166822
69.87178992936487
69.35325047221903
68.79006081822742
68.06002071085969
67.8397606837546
68.76849877158263
68.8436922921919
68.3130395823849
70.9498668226837
67.53150374711271
67.40824289142051
67.60127476340139
72.58869223195704
65.41822291738723
66.06605773958982
67.94457966622346
70.2418402524523
70.80556376304129
70.43159575511561
69.0700076216598
66.07219983165133
63.06260428801115
62.3172117684598
65.64247718181764
67.1804070194779
68.95480044300304
69.87355672946624
66.53026540297977
60.15725208095987
60.18368413760313
57.378064388339745
53.53412850055752
53.661050667702256
43.61601713730372
34.233477090045255
25.192459780254687
18.771376905000015
8.253644768865792
7.37875033990232
1.4320994243666019
0.6094225693974685
0.6326831107696302
0.8398697997437232
1.34547795162309
2.1490660123682663
3.162361144719274
4.240409868587052
5.46745870086046
9.342989348902629
18.46325476430322
24.10147352167475
36.35282015643814
42.4251878324595
40.59398500153247
39.915471809668915
41.12260104505326
35.15686549827242
32.656234172455335
24.72041542149419
17.17955543164118
7.19404374744861
3.069753971377299
0.8603518350162603
0.5826196891036386
0.3595944129127929
0.6594166637177238
1.0970287003471906
1.569933616244488
3.1102104082223416
4.900366358898893
6.507555997689797
10.396308513723417
13.061381467027019
4.14669288749549
10.21830524136502
10.200308826680063
9.315482743366811
6.964418142653303
3.6909206575953752
2.181439308065456
0.32800560339437385
0.18449549977341395
0.042330790785794145
0.8986458282500167
1.621211568505626
2.8827095128342326
5.505115608520608
5.820574014651881
10.231119734209635
8.62548723712994
8.95408034393952
8.034753122208652
7.249965157573461
5.996670165682522
5.778154825400335
6.091897491273135
5.806417274066128
5.960569399456817
6.82623371911811
7.573170530793266
8.751670771757707
10.41362258118894
11.491690505131581
13.61950322870986
14.935861284926476
15.398168237509761
17.83350551929702
19.300867223040868
18.125722192044996
17.86260622212556
20.79957933190021
18.280211942036946
17.553358787569962
17.70237201987426
17.205027766488403
14.73726077201201
13.41845125182663
13.74851401025504
14.08583340805708
13.174923482138324
12.359729537470722
11.841906779308527
9.749915582926965
10.268198665509932
5.849774172024538
6.321383978815798
6.139008124260571
6.175651074352497
6.196019267169218
6.098825937991055
6.370233292750821
8.68601223655834
12.753251905998793
16.250837141773417
23.055026774667844
33.645581856140836
43.66354798908929
60.07603734635028
68.9086974592631
71.7983617615364
73.95791917230727
73.47673316761458
72.98818061351612
73.77797434567067
74.09627708774197
74.38320765713092
76.47187214583188
73.95831830276475
72.9208179254769
69.66805039508878
68.49604962110593
69.68224500284066
66.11581792890797
63.84218570473233
64.24402907417756
68.04785137367082
66.83697680814255
68.18333155656268
70.03880647829676
71.29800464429184
71.31903103637873
70.0305687714434
67.82946454839305
52.85927684683929
38.798363096131446
38.59671031747259
34.79360143161425
33.93599784851199
34.266977625844824
28.86674070810574
29.908705816563703
28.48494946912747
24.050295527826908
20.634831204807504
18.380628309908854
17.11263536167603
13.335600458712783
8.580619122742561
6.0077317400948775
0.30723309933177256
0.5819833262400917
7.545549062054141
12.463683800347898
23.824869742431353
27.010408102241314
34.43490246847802
37.91460612504092
45.31994898634758
48.589359831834535
54.73498912970207
54.49766324538505
59.06399668172426
59.84100885946239
59.61147743339337
59.15360510002297
59.468602716479566
61.21331814239074
64.59471740632647
66.34009947495159
67.8347316184532
63.98047303324211
54.19296670641229
64.85568982474494
63.382143205102466
67.76116059153195
66.4464375112316
68.00634157980818
69.98105488767324
70.63486601532475
72.72587795127649
73.0382907719056
72.12406375514634
70.08765650235276
66.34880528185757
59.417611580028286
50.96659755547916
49.099179315346724
45.24668135665318
48.681146484395406
50.24863425825962
53.070135593920874
55.472027854220165
55.56348218559419
56.800208939365774
58.3367224975264
59.856502155052986
60.4315157314213
54.35303638616916
60.16909608157683
58.45377370972703
57.590758331720714
56.53782948710845
55.42294256614824
53.76678704349491
47.090295236365066
34.92372945137199
28.865266924303842
12.056781207332008
4.640959825577646
0.37521479688928616
4.264040285269637
6.3520610489848774
9.160534237853584
12.76787160923492
17.3625012283451
16.27956965466442
17.172911132095287
19.189005043223343
20.784184051498077
26.152275099891593
25.263755961436566
30.1155547971107
38.67782204736911
37.98853234191815
36.70636086335206
37.601767081173406
40.53013407302917
43.923958858474464
50.633848740858916
41.336358389289565
36.12412846433713
31.13400842699588
25.60837590032713
27.479013065409482
28.189149654941517
32.712807944410585
37.23361678011233
44.38371790105263
48.90053290531377
52.07508257258073
52.45415959922039
54.48057538540013
58.03781732993275
59.04615662022965
60.25561908139137
60.15579241702714
58.20716530652855
55.70921114573099
54.14149110758614
47.1037566304978
43.33786008675523
34.80470657051668
26.860424956029004
19.4883688151042
14.435383842223017
9.813511275893232
7.303318483913959
5.432233167416263
6.421254312508796
7.882979336404219
7.87777322568614
13.451064477698946
20.999586285754443
29.026278691819144
41.66535632873954
63.25469998950294
72.2253539229243
67.86224556296949
75.8912422471805
72.34455337258655
72.56741433271546
73.04815629330226
78.54175311408503
78.68551369554905
77.8570008208925
67.66892392104697
66.70428430813297
61.412700877604365
51.47779191283536
38.845088813269214
21.117561404190404
18.72236067196343
7.845600177481432
1.6350658946795502
0.5909096804471801
0.49888661362225406
2.123655146436875
5.033286199508214
8.187592719922357
15.192228358224478
22.193668219496153
44.10590016371394
56.165787061521826
72.98335448606859
68.50438673091078
68.17209425307948
72.5038347720546
77.0683015810977
73.43767614577995
77.65206227626797
77.0159694447915
74.81168453754918
78.47350394536122
77.36665851963565
77.43314778212154
76.50863965152895
76.41770369401071
76.81660616659208
76.23571960513327
75.79553002106432
75.11389087874069
74.88797710201548
74.65406057092048
74.69010883730888
74.29050519012738
68.41858112652177
72.65248223972465
72.84316429629611
72.58025746609107
72.46554511030627
72.93442732588159
72.97124894829004
73.68775723496046
73.97305008445208
73.20944909908366
68.13353298060248
74.23461183460505
71.35669024409616
70.90965566585413
62.39181470008854
68.94924547632114
68.77664484658696
71.26618675472444
70.63846541199685
66.64227597651987
69.62467462232209
67.07143518872311
61.330432072421985
33.03270384907622
16.649096953678573
13.612818705117316
10.358806296468815
4.737928600293839
2.6016273362512985
9.904841806109262
9.782291203583588
10.13310766404907
10.056627281383113
9.919287299121693
9.853647299185031
8.830545094450034
7.800802226011717
7.603990376313235
8.209321695073461
9.331192105374496
11.584387600834813
13.483339781617852
13.647915676867555
15.354515229835226
17.105989349271074
20.983277321873157
26.640644040107432
31.47202121262842
35.00697893539686
39.21936239316045
40.2513890444814
34.89856981823546
33.02450003272308
