Выработка. Результирующий расчет
18.87375194677932
18.081393987255552
16.16266105541893
14.166619304338147
11.510820149283559
10.359720893094304
10.191191103274331
8.694002056763663
8.763857381070784
10.477706858286084
14.507116280015888
12.055566595632927
11.741364537186326
11.100587986398374
12.194524875092775
6.775563803124357
11.136377330161755
15.45005861730594
21.524092067789635
27.40372456051813
25.32027338841928
20.767673207170645
21.386841867424277
20.240969511861714
16.15720836820751
15.192467130434515
12.612931143622108
9.72116989269443
2.074706352053495
1.2491873939216098
1.4320031536319602
2.849897909684974
3.7755346487186277
3.7048676107512692
4.426591691547554
5.440491922558939
7.966666841792645
11.185048541061288
14.797085387335475
22.8491831843102
30.044795756011197
38.964637872793105
44.41868174439913
47.368854723141155
49.740912805528104
51.837931874037416
50.861699252410546
51.9450824833065
59.02207246420759
57.07466346944761
57.294203319514814
58.87209466077665
52.54559278013861
50.58124463666196
49.17636207305823
50.32030140022515
45.64162944900951
42.363234889563444
41.08477516593285
37.104299295932506
37.1364491904575
35.913174823912634
32.635369605217534
30.106934243391258
30.629962542381293
29.837276902253024
25.546098283736725
21.187403043408203
18.141461027579403
18.649920101233697
11.277116109176069
6.4378818794266
3.200939518568118
1.0348286710093473
1.2740546020774097
1.2411961798431126
1.0460075317341284
0.5584455580369043
0.43656038572341516
0.42270049564867845
1.1501497423291973
1.2623932699519878
1.7077017375743822
2.1141721597040446
3.8037395187644774
6.009422022839702
7.526180800994894
7.931412106602469
7.7912044960015825
7.054765144855248
6.894686460390665
6.517513872578804
6.882213947342472
6.70922158679212
6.00663242500289
5.013986957762578
4.554612911979748
3.474313847357149
2.47717498334818
0.4912824443536978
0.005753412037174124
0.003767654151589327
0.08992118406358321
0.27262967780870084
0.7670773332320193
1.312412602135019
1.6645010013089367
2.5935519556889215
3.0190712741425503
3.774556915346561
5.757214391926971
8.685054891513554
9.91640659482076
10.16718968723579
11.05158757290438
11.803101288793755
13.150816968664643
19.02135452156716
17.07121447101786
15.56613648243227
17.263114076981516
20.403502896236006
24.74885005707984
33.12218852611828
39.39110637635347
44.553890017497835
46.380075611237004
47.55812754741317
44.64292273694535
51.43381988508796
53.74022028560002
57.40756696248243
56.750214801106814
50.787910105419634
43.088420722671685
40.19707284052885
30.481547033720354
27.97731527089053
27.754111479719946
32.35296357784676
33.24298644872361
34.370264700656485
38.45199910549428
36.225161651888556
34.26171654699024
32.31980457398554
35.0696873459736
29.777693951177753
33.3532619552569
32.61331890416759
32.633463605115075
32.64581728271473
33.359283960462484
33.71741863918561
33.358304860184475
31.88661225888777
37.230761474850645
40.40617741088263
41.74519148929536
40.89040144458376
40.349196127064985
32.884412114850925
27.657729518146752
26.277501847856083
20.938019893416485
17.683971861509924
15.573791138304653
6.9844098914115325
14.940885731998698
16.280393747541638
18.573551128909088
22.7199181285164
24.878002023841574
25.04356340714924
31.564158135211333
28.39659245855125
27.820667018461844
26.455739975926992
26.83885216406712
30.15811563772561
36.230516886875606
44.428962325193275
50.47921611260747
52.03665903437248
51.8495690221559
46.71552135328506
49.42299712497277
56.395235438137334
58.48153816607932
59.239813877692754
62.86572228569999
59.754485127140775
59.154580705990504
61.55112106411315
59.25186454829564
63.19771975372044
65.25558915292883
67.06710373747146
69.21836787010254
70.33722024223208
71.79808087720271
72.15242465943669
73.02500196622144
73.5409295305015
74.7875431404361
75.79381244789386
76.7168866903743
75.90383327011178
74.56904881291479
70.89628025519303
75.99001273750103
73.47836403302814
73.54601187084897
73.37251229934225
71.75875814237682
72.81510333521229
69.14877544437807
69.59402007079359
73.8957984179502
69.73919658528433
70.8935059116514
71.88991482234297
72.50092927726625
72.72072722652547
72.7688033924757
72.46530220657093
71.95685501044683
71.58683221758322
71.0932422482859
67.96623373861317
62.630124395793516
53.86377246637063
45.28265848045138
40.61980621482166
40.033703073708196
42.75271792806342
48.27677115863361
53.7906989202322
64.34011066609646
66.4678599303186
67.87677888354457
68.70579026284729
67.77888657918105
67.13671969851262
66.86174212456923
66.9569841590612
67.38108556848954
66.73012447828107
67.16434310687865
67.54267736823537
68.16744429239525
69.95030552768647
71.22511707447761
70.41965941865264
69.69899044946895
68.35739632603614
65.58381228546351
59.98126518864695
62.358437043234304
63.58190700085487
66.72275112344713
68.74530224749012
67.06630517014486
66.53614979454471
63.46768211652385
63.83552572270204
64.05260805841665
64.12131216370011
65.325344383583
66.17698573823196
66.6739173740742
64.50987468022429
64.14513075653875
61.395469353986975
61.555408883918034
62.33997691801928
65.19248564199685
68.06730996614141
66.61587152075079
69.49198190929366
62.58584633245958
57.45875990462599
55.93577472599672
49.09245266150448
48.99976440280017
50.2931130557228
55.43260654207913
56.675765137796375
58.33553569571184
50.58828698305628
46.32573709615933
48.7515071733562
46.853990568032714
48.17921190415934
46.4980888945277
45.468039755621525
43.62772682645048
43.63765030607657
33.313279054410394
26.088397757374675
25.597050301724845
17.001725727207617
9.521375897805772
5.175804931104299
1.5371048686789475
0.8139151057958391
0.7358027538928508
0.5258972623336982
0.6557609187929545
0.5761508137554487
0.2830891689772561
0.5674554475065251
1.66154058051535
2.143120523639541
1.9699024493912876
1.7672252617220978
1.7767276779886816
1.9906513098478409
1.860410737712608
2.719702255160438
2.931350788067705
2.694242899063503
2.109155989728102
1.2342889197372797
0.16029067706938135
0.002135860207342816
0.3635163871998333
0.8885952257652764
1.4174873837836894
1.367350563618199
1.37379216089997
1.2382346298221207
2.031800280491524
3.2454283339563914
6.767546830601076
8.893998315231679
12.037363550515416
15.578511148357439
20.840444379170723
28.3141059090673
34.501631187991876
37.84091270942915
43.22840083596088
43.39293475483792
49.45158799008007
45.74490916060545
18.195559691264528
7.113896422399182
6.754907893322909
7.544901017973662
10.382240804198721
12.460143237935256
21.510341260034423
21.5533410130693
26.118790245364607
32.16421952483098
38.29717284820009
42.38674250789579
50.99586045777636
55.76493906884668
57.77842512051351
64.52502966995067
66.93993472436802
69.09733805412982
72.68867735126388
74.45262240660833
76.34536805335827
77.11311399272768
77.57052064891906
78.00376577190023
78.04790245640457
78.39836577771902
78.4138122768877
78.22033212885074
78.34174209529365
78.05968486322301
77.6410672352184
77.69122525780199
76.6923764400903
76.63794320611919
75.39908412117455
74.90010761657295
75.46878891803746
75.99587014317439
76.44306178643973
76.53077162687205
76.63183075746251
76.87233484960046
76.87351159140879
77.30318884458703
77.29444637694776
77.48726532667351
76.82702028951317
76.42580211237264
79.97038181280732
76.29464951018346
76.71914615039714
77.05240182502357
75.89535901876299
75.47873077945823
74.61159013454615
73.47787916031679
72.07804581411959
68.98667360639433
71.73964804512798
63.55777827582177
63.31523100631926
65.2281001062426
67.67408476258815
66.2487041368476
67.76806671589873
66.76395559447859
65.97420072530102
66.98618380167346
63.97201810284072
67.02282056218297
68.72644912624618
69.7686830646748
71.28330859596817
72.36808340474373
72.74567002476533
72.33014211055453
71.06242327791854
68.75701407850661
66.44434000814626
63.571628507326395
61.738027386160184
56.68382554827515
53.3031865372088
52.82017240024007
53.489069980723386
58.33584876768222
60.96818391259692
61.28336122734942
61.55212966864206
60.965226881525524
62.504741399284384
57.50864936297494
55.28532030407663
55.08850710769017
57.69898508913419
60.48597771173747
64.1237273381683
59.85408462725715
48.83127105662181
49.023847514016154
46.38005497150637
43.01523354751632
38.78180945157652
31.74055114740597
23.86021617359008
17.954735612695487
18.298382443562055
19.353279458106453
30.886078542965834
33.70571882175414
32.10355125263026
30.678335450145354
31.959479936461126
28.522024232926764
42.66680701019801
49.008038683705884
44.23149039611881
43.17656010069946
39.19318844499048
34.81569819286143
28.340605236393404
21.850737096202785
13.415284986408846
8.281879202451599
3.5380882571615815
2.035343837065345
1.3726025355933287
0.0033827002615324313
0.0014670873400263174
0.0
0.12856480178094193
0.4650835099937929
1.405730912298684
3.1628149492310977
4.620058470505247
6.164682800163386
7.572396400503609
10.983668578237994
13.17063260787353
15.765778584168077
18.577979712396235
20.7496792049802
19.27907277211746
15.016999117987094
10.90418773222009
8.416314181179846
6.297226029255402
4.654275129121439
3.5167670596443736
2.6324745692512077
2.686070014378506
2.546090480227574
3.7532280142731853
5.570127694429655
6.926460816744029
8.09380303465205
11.90879552402701
15.884721353574697
17.92959451800612
19.73179428318219
19.550516042482823
15.209609627402779
11.762135260177864
6.91885257054941
3.5013603810572325
1.7048518411034292
0.3546425966750357
0.30544630400751654
0.526134861975761
0.687886243114223
1.0446675536373125
1.6338312269877895
3.1224952497453873
6.162172453439574
9.796114748442502
14.319717256662843
20.12623641732548
27.43060630641015
35.06244562017782
40.417835780270366
44.17568231814697
40.56962733665345
43.125153860383286
28.071482650608548
27.193730977128425
28.571744532210566
29.14993843216793
25.728547224285165
30.34882937108837
27.185536056281926
28.15112559472618
32.57055682261722
30.301097661057206
27.596377716348773
27.921499413567126
23.381219571756
24.3153299725904
27.427103900381766
29.70288542819323
32.57894023688611
34.0337515618316
37.131172821709974
36.46147218364596
35.65118844946797
32.86625931673091
29.350778392531964
26.051675037699873
18.147455536805623
12.304967150103087
5.4486537666143535
3.4222598226415397
0.2797780913788826
0.008350390472425525
0.8141594654596361
1.523829094726056
2.221509507848402
3.113796401467526
5.111070925546985
7.8831946430472986
10.568560407792091
12.069585774604736
12.178848566159887
13.191618727433523
14.841266988607165
19.94383379600042
23.65333788492883
30.106155225198005
30.5530711708802
32.402278397257184
31.725139281827023
19.117199529894997
12.815769315971751
8.870982273583797
5.416582445448626
4.272128447083453
5.724321314714754
6.503426281674008
7.397112843065584
9.394227215463939
11.544589372603214
12.109829570540644
12.549404584732539
13.207752385854304
14.86844003497362
17.360632725891755
19.79643515889166
25.658308697922024
31.35209179823537
37.939634737342395
41.6743074431994
43.28615785288971
44.51919362020485
51.39964275291656
56.49600049661563
61.598870879572196
63.77448837368931
66.71323231603384
66.80959386086525
67.40229549599468
69.44396232385795
73.17731436561665
75.51928030035995
75.72800423613998
76.20761985378223
77.29484477940035
77.87754865786184
78.36855136899392
78.34500338314572
78.23878912763995
77.97459486257073
77.23940663575354
76.81259165655099
76.817087962049
72.56551040573055
70.633577963996
68.45624047946022
65.301873725174
62.32159055162069
57.29226213325296
55.54368785190778
51.72040138356557
42.78835668288736
36.17716662868996
29.546710341697537
23.844097835919175
17.71890637951493
12.880437572443057
11.32447187695319
11.770153525667919
13.400769215905434
16.723741675152468
17.211896603540215
20.628003740659018
25.52619694346754
27.24171928182603
27.588402518442617
26.608057096429757
29.447388807568814
29.707426412775405
30.224188531225156
38.13198310267462
39.14804939501282
36.28091111130381
29.837273752560495
38.95265105481709
39.00361875013203
46.31091414356402
50.6247384422013
44.97481565374135
40.423201653325926
37.8705011671972
30.80422637660951
28.07436207412857
20.444753766720588
17.568569085336613
15.455838452085379
17.350368845519093
22.067793193965695
35.03821079873397
38.136209798618815
47.78983473303078
60.72430547927842
66.2621077184942
69.98012227470821
73.51599397281609
76.19599497878995
75.91248345763313
76.21910015569188
68.05456428725846
72.24893726600908
60.52835614793749
49.37204281998636
36.45327831832106
26.38997203916239
17.146552022157568
10.428258486552886
5.3470672629890705
2.6513545905119478
2.714950689058584
1.8113387419245932
2.147388139198221
2.9264405297990193
4.529483213876279
6.8156998078534645
9.597956322015662
13.883246821744175
16.78527309523123
19.946577635221598
26.518223013971802
28.53813982957686
44.5708157476129
42.82054780205706
35.889647141515795
29.17631942493958
23.039485199781456
15.14116974083602
8.726887828030533
4.827366236466176
2.017299401841955
0.1239466904018593
0.004807929985461869
0.0015207403903472261
0.8574472327152255
4.26959554990785
8.876867929466021
12.15081700896566
17.477146461462443
24.09702260404265
26.13814233389294
30.04635497517291
33.840991535840764
37.38310061423169
38.91102685917353
41.65631937878709
43.73411052450712
45.55048388618453
47.76319855047709
49.149697512554354
50.41301599612739
51.28791780826228
53.02967980207834
54.10833808704172
58.74569466770461
57.86024445106707
58.13730438728604
58.14423542993696
58.76748909461997
59.19459625256068
61.87905212370234
60.4363371454916
61.692731164422895
61.529247042170375
64.7371708696158
64.57936683476302
64.7792748526808
62.95777229469138
64.21255798634002
64.37829162058281
64.93961816767158
67.42055912462365
68.17677370083602
67.45076265134861
67.33933410481582
65.43372853397493
62.90288699254724
61.58384259265272
60.358089585314985
59.17643630898005
57.39350795696071
56.41088556558598
55.54079982199784
58.00376398982988
58.21473522703791
60.715761821709066
61.80870139277316
62.3576873083673
61.53444069017975
59.89851567380592
57.58976618942391
56.02756751574056
47.71335121770637
26.98437549728243
17.077415163702945
15.543589172335274
15.6412668146186
16.322302375147192
16.36383003931826
15.98079667381176
17.150818108049695
20.91962583190956
24.34879160937213
29.0144876882665
33.189291411770405
36.83615083814237
40.71235421067146
47.38974789143674
53.56890426021502
54.76132691177413
52.99734074111901
57.27186234607504
62.93494870060641
60.552767119853456
45.273332471166114
34.37942908908962
19.808312425966754
6.011980181314904
6.480450954582102
6.542048057220913
5.500962195196555
5.177655167463504
5.447442844988891
8.472928392641075
8.39730341716962
11.561407868428637
12.841170409414982
17.26581230122113
24.630522796851977
35.77214488341065
45.92158127506574
51.37751680090901
53.1936689968843
52.91578022292096
48.39010432704235
38.80885127203913
25.3045717620626
22.99490739669143
13.774218228624331
8.025490762871478
5.603960142729704
4.234619716760219
7.308659691251797
10.387496654869365
10.56809123044268
10.12126180947178
8.249024272432525
8.777527530770723
4.557813071847917
3.833235813657868
2.8524951853831
2.414546717959745
1.3368938288996506
1.3748357495963228
1.6346236068680378
1.7268179628001024
1.6190087838883824
1.5055463539892973
1.090960180244626
0.9653392998278943
0.0345968128207696
0.0
0.0
0.0
0.0
0.0
1.6806278397039174
0.1122830533800881
0.6957645426660044
2.231980056663347
3.4699219842110853
4.704721268471056
7.169360806265773
10.973928986413805
15.172770590499203
20.957300562271
27.81239737048248
32.51668374175893
33.96122222336335
39.115072319462286
41.93753105871069
46.19931662687269
56.40738179150285
61.82906927243345
67.38605095444083
76.13293831741358
70.94176901568032
71.91269496363421
73.73061836284124
73.9424393595494
73.82696636615314
73.06399735053974
72.79982586686278
72.1985748115797
71.16164600441488
70.60819926858655
70.47837919073744
70.37071648720553
70.40124438797241
70.54346593561989
70.50596233746106
70.23929232803735
70.05530267211412
69.80217898042837
69.06440722695177
66.55806285654755
66.47997436267624
63.437793459326784
59.80731360013634
56.76876102276222
54.33978020497072
50.92824938014241
52.78653228928314
48.18044650950512
44.22709876572301
37.2782784946429
35.40241107764488
37.31174190389606
41.90905578389995
50.73119057770609
54.741877072001714
52.85457145423448
55.87846029303924
59.69773321355772
56.92641524994649
49.147721393498834
44.50578433654169
38.71242061337247
42.916528377208735
39.58907521801292
51.55582766089128
49.00182203020226
43.82205491159794
34.06108625240956
12.882122192127628
8.253267494896866
5.096193430196387
1.6612078176936058
0.4598065640797911
2.481388436750424
2.780200007170236
1.1173583159954796
0.9734036378670968
1.1305387218796552
1.153684210637829
1.6614265677405793
1.7536478619743403
4.256640314353558
11.76640844952788
19.122814988239984
34.81272667127264
47.19273823499945
56.04778028045634
63.41403459899456
70.30198816194493
73.5359654244596
74.5783526885497
75.22592692995804
75.14889828705952
74.54011755528988
74.09838614384421
73.66485507264277
73.84220676725052
76.60989654215588
74.39663832030875
72.68513882988819
69.03051102372645
67.76136390529669
64.49629399202685
63.28021315034007
54.140828170293474
61.80386297306809
62.98270065323768
57.526633169022006
60.636873105777184
64.91883450205239
68.85021892991894
70.96952204090644
73.35544364802911
73.79826842585915
73.14594003354625
74.62788426488027
74.92525108498894
74.47142256404351
73.89212492014488
72.47434140015086
70.14107646963629
68.61080715569734
68.68056843836008
65.85187619110965
64.43711826163101
61.13466372943554
61.75946652149527
59.82579555787685
58.58181841759139
63.31189707219488
60.36075812407261
62.1912935348947
63.21861045965102
65.78438841589929
66.60377988922686
65.1558742161423
65.25869657153422
62.22895661302222
58.549851934175
51.18852791659327
51.39250212332836
42.85927387970072
38.33655260532295
30.27780692260426
27.236946361936788
21.01886324741412
16.02852895953636
16.79720440896164
10.26799475009176
7.961302970067957
6.249093837549318
4.847457486418316
4.086093480072057
2.744589526033512
2.0458186405420817
1.91040136707021
2.505603035451304
3.573637542989858
5.236762750993272
10.316180151004392
16.122135199102402
23.42550484065189
30.8995932519977
37.33965158315213
48.24005590452132
58.66275750526471
65.15118815266605
71.07847421462544
73.35005619183227
73.21925010977739
73.52339019371006
73.77641392941199
74.55497093224436
75.45261261003044
75.86213837687741
76.06708411686748
75.8987183283298
73.53229618281186
75.82114562099639
73.3059289302497
74.16641492449673
74.68158111686635
74.78664014653813
74.80517486485154
73.19946220540429
73.71625830055922
62.86562750651643
49.45805358575348
35.42142188119791
17.474889071381284
7.669536016024447
1.7437554553575756
0.4668578614442696
0.3744083288441953
0.4666537554908194
10.741493473119402
12.999045781000198
15.788983866028182
18.871918866452617
25.030432108243843
32.503247808184625
33.5611765607943
37.17370133176909
39.08987689736848
41.3581340526609
48.98344785545302
50.34290326527293
46.76357553734432
58.23272281013871
59.34493821309842
59.52435236273912
57.64013097016318
57.58853133944854
60.248300555606754
61.73409495973455
66.50677973719375
64.58694419936081
53.77974928441324
58.60413306851835
62.43165041980973
57.978365381968274
64.63254003366447
66.95800045235323
70.73524637223538
73.9149230864102
70.7216089393598
71.8016147974194
75.08954625241375
68.12688584778881
65.78496449564761
60.60147665829824
59.646033100778574
59.68685989981198
60.964358571637966
62.210544264558834
60.41082430975285
60.008837989491816
54.36369020186761
48.634490114867816
48.06774996975712
43.27822861971308
49.015976409478114
54.05026179343698
60.8288239906866
65.58891040356124
67.4136135459759
69.86523915113966
71.42132715122284
73.52151924484083
71.72353176398178
71.6152517533585
69.69291285043593
68.66817657187218
70.69073592804644
67.27040285319347
66.68314537635779
66.32256741742812
65.82519739439655
65.10987858486236
65.6176568797514
68.78161010754059
65.36195638712937
57.18322204339443
37.6421455286757
35.675690600424744
35.56703852080663
38.95872961192853
41.75369669394
39.5908111376059
42.36692603342698
33.750000462830926
26.42572159713859
23.653990778897658
21.07417722973839
17.94000636642093
13.93407259356368
15.898690086011367
14.452242147020913
14.49341165199047
15.0497671478611
15.435186763548526
15.64306455760067
16.466551841057143
19.14659032382365
23.34684140162513
18.362791542994835
15.8221848200077
14.322540787269771
15.589158900235656
18.45249315746516
21.21153114930763
23.64302775756084
33.88239416291142
39.13483284259376
45.78955558183129
53.81541007712544
50.17786261835402
50.35071229073469
51.3358819603928
51.20048469153883
45.00718300678571
33.732284204875725
29.59393022194708
12.993746216521052
12.155607576760207
8.647895289390116
4.60979666432023
2.3818145404110203
0.0553280406482678
0.0
0.0
0.0
0.0
0.0
0.0
2.6476061159820627
0.0
0.6017206776910149
0.0
0.0
0.0
0.4528592874731447
0.0
2.019743535040537
2.369340231349483
3.9749442491370055
5.590655244775747
8.701713418025873
12.393958451545712
16.727404541904683
24.344731276447384
30.888279969203
37.0136837927039
44.27480128857002
50.40451823506345
46.07756884105009
50.07310585306786
43.89298040001386
46.26680698703071
43.3804411773305
35.64672116106843
42.24249278475471
39.64694183733834
48.362730411025794
49.36054280067928
48.15063712108639
44.02700507173637
40.953174722506745
35.562315015999104
33.73984696165629
34.14551613137151
34.37471610499296
39.79762024673333
40.36547068164767
40.10787466138628
42.37415609335624
45.7710864824305
49.23639661944416
51.96000262301744
53.42330244653913
51.62510650067284
45.51578405244214
35.84704869647163
25.129578658561417
14.747973640305938
6.772180282698585
0.0
3.4163683218883483
3.8690630758954274
4.367343620540391
5.1637267147959225
7.070705615395368
9.690284540291875
14.767265155282592
18.74174365371932
23.752192285404394
29.66682307313497
27.84087037758784
31.830380745793462
28.323448340158155
30.596869598448844
25.924510561845786
20.54719013685829
18.77782495649837
17.253983050810938
23.482039935275147
26.77881643938176
33.42250032273086
36.06489213388152
41.62306936385772
51.45777769110849
55.19309946035354
59.16912937593822
61.97539613022819
65.12027953677404
67.03413449621443
67.72661213150481
72.49781739541879
71.36445526465575
70.39759328562403
69.49899831084888
69.67589201403565
70.19444960993823
70.47351018223503
70.58701997548607
70.50778086165303
70.41159814687799
70.63896787280615
71.03084808826421
71.4208996314023
71.67221265101597
72.09587968890125
72.10132138785035
72.37487372819986
73.94404746388798
72.18737804514993
72.1007556263022
71.22921495863957
71.95794802999214
72.00915793140449
70.93718227274735
71.30472662367063
68.97247172286274
68.11343152484204
69.73398148284453
69.66732949090228
69.5943173955962
70.77423058707156
68.74334273911985
67.16930232505484
62.89888404065575
58.219648490643216
58.328567715923526
51.16660459116135
49.9893796477154
42.65069009111057
51.3220825233497
52.249462678234295
53.11990658837447
53.310322839766044
52.99331194784191
52.14589660801409
51.00593023737632
50.12207645630097
47.819553285813065
43.79964582112493
42.22517883899072
38.21377537273306
35.26816488775682
30.321787360770053
22.08566798612174
18.49338115374316
13.909851170269816
9.758148332194208
6.048195567004734
3.303961465442717
0.6668256621257131
0.0
2.346585748219017
3.034088168601621
2.67748128717418
2.5117973655963546
2.704448616047982
2.724635641293497
3.5183785522494206
3.068431815849145
2.9443599942460525
2.620285506717245
2.329389840995016
2.650253124323143
2.4925324672889766
2.517216856057721
2.9022040743476243
3.579658761240833
4.260336510192475
5.633578354859546
6.577646737611607
6.623589651225877
9.449760569134384
9.691889750820824
11.390450515053807
12.832570501435391
15.80573470059003
26.04714428053976
33.07872366889418
43.17999887016661
43.84888026555408
47.41162975143118
52.887511643924334
54.02049839417417
56.51377450025932
57.362772692061206
60.58466174522725
60.70265904461282
61.67106722333401
65.66745636792416
67.20011587900316
67.58243631685289
67.81241430933868
69.9700720521105
69.57940128862228
68.51014631380605
66.74867758065903
64.80117196007959
62.92225731762655
61.6826239953721
58.14316958082093
57.4566575347343
54.05047540876271
47.887787970692
50.29041755175106
43.24458980685221
39.74134732466347
31.949111150460496
24.127077112209417
19.87369644826148
11.698228710683336
8.738703201853562
6.673282329255676
5.552244414299505
5.855344694589632
6.476589151591528
7.730743466721371
6.946631572579045
7.237590890493282
8.38869028184848
10.227982006241174
10.980830287964231
11.705002312471196
11.999203827884068
12.617054953158906
13.522068472019336
13.7868575004351
13.525369595461273
14.003144056619696
12.72515741511307
13.92195642286891
17.82489180046167
22.368695569509104
31.25409909125981
35.67505036989486
42.33009214147781
58.73041238099111
61.70634527312845
63.306437941763534
67.71822371896941
70.42980895812182
71.9089149514487
71.86198162192599
71.60556261006495
70.07743312540897
61.78236960196469
69.32756698304541
71.73330787858316
65.63421924027132
64.23212813091415
61.91081166333144
60.07472779032986
60.14305563886058
61.89955726688396
64.26137204253752
65.4185935303091
67.32155018394599
64.28719950608037
61.98925221880246
60.617075492752726
60.12374818207523
51.57014904159477
57.98343588954848
58.46417936587239
63.333757250169405
51.15242799824667
51.77243062224886
44.574338845604906
58.5804631696913
51.349494746577456
58.22439301883304
56.722351623975385
57.37805342733881
55.22666363171693
59.44960704428647
54.85406224219911
51.459479867518375
57.73497898299738
58.21128151767248
58.887833552927866
59.29204607411841
61.30952203003008
62.98208154307119
62.99872742043469
66.38592570834182
68.05717667098332
67.16062175953527
66.09079302604823
66.88211563377082
58.30446724021669
48.41819318142791
34.362210021778736
21.52859009507793
15.37082756153783
14.7462528160168
12.210524815838006
13.663376900069355
13.635241788975945
14.94006939797459
18.50180875314422
18.23286436973841
29.109035831951505
38.18360037416461
34.81112093975927
33.820087637731525
36.54059264018486
47.703424451987786
53.81389859879853
55.7393699328246
56.632674374174485
55.95774063147071
55.95662652129698
55.42936126353692
53.841475478349366
51.480535363849256
43.17882043947208
40.58265625145569
37.69385864403053
39.28675956687896
40.9224342043362
41.36673720641939
41.20902273438512
42.9552714721416
48.72560598257505
45.78663130741101
37.57370230716478
47.70317791882983
46.27120925186619
45.69118317625686
49.33077593749892
37.71981018794702
44.91253575892647
51.32570159996712
54.48543213739986
59.892259118408
61.05990365800804
63.04102809934761
67.1797977083852
69.69423898293697
70.12036069252754
62.57238334237256
70.20064893695783
69.93764684239187
70.49761455936522
74.49111207626163
75.53174667202335
76.34309327422488
76.25641335199678
76.95518652126754
76.74705962596403
77.02574491000273
77.2377849197624
77.09417282859116
76.81325230617666
76.5188272037271
76.33462144646134
76.4448298384838
76.61063301110138
76.73115221043733
77.07976990973522
76.65981801968277
75.30856539264839
73.06133458209955
70.4319262593907
67.04144696412062
65.99249618929824
63.95872905998208
62.830796659860496
60.58409247792226
59.31616041499285
57.75953051574923
50.37501647338452
55.35513421802682
50.811975989441066
51.71728367720444
47.26169002421859
43.07403409187099
36.19162605153359
33.91280965158112
30.08800246241072
28.058306300196787
25.787402042688992
20.700963553305375
14.457515273623232
21.357631645401447
18.43580424301385
15.102360997221044
12.600652265843904
9.80067157787346
7.5255472370057905
7.24063768725091
7.486211488747141
7.220495487972741
9.360155743472186
10.50367966427039
12.559393425508182
15.781432990135873
18.800711589180544
25.2023880345975
16.261739209829262
26.20430303206616
26.26440231037277
27.460228909515585
29.162206631925983
32.607203450288544
36.03378256805159
38.76081914353739
43.86916887150368
47.57589526969364
49.08824880199407
50.02033859179142
50.74817447535968
49.28641405599875
49.972266884402906
50.170412504981954
50.7305852213202
51.087682791961264
52.44112445374369
52.40208098482758
54.604655625148816
55.29444354818461
55.92371613488879
57.59223037977787
58.10901614812524
56.84260687261196
56.815532122352366
57.15368229074152
57.81429617933577
59.222288821583774
59.89152779620255
63.37373480064542
60.004260798001184
60.09930437235192
59.98877647829137
61.2702204635004
60.08227679828236
56.40697175404457
56.29913488289642
56.90207741442958
57.53875371025457
59.62566843147516
61.1660759314519
61.52176415015398
62.07007099089554
64.69476244764523
66.97901731672988
69.02754597639283
69.74753018829259
69.95405930154656
69.20109942100711
66.22939662677884
64.35547875717617
62.65892167702378
57.75191178241295
53.57800932355288
51.856305069525824
49.60344916118212
44.7449681188274
40.1576838786471
32.17124757484736
27.28563431271348
21.80160650882413
16.966748860737084
13.650386836225316
11.85908054805212
11.63832343042802
12.87333205199405
12.319329528898916
9.845391758699323
5.758100164606243
3.266145343266338
1.0896036058060727
1.723842720437058
3.0031687028951968
7.853461805113223
7.190750989618989
18.95867176520593
34.76910012309015
36.36287528762249
46.48237610164623
51.77253434636876
54.80846038891689
57.15213546049486
56.7295134189851
55.08692022793164
50.71355593027749
43.53145344223453
32.72953277979931
27.177855526754
22.034342934716964
17.04804967918502
15.218586549804323
14.245298327349722
13.043907826410727
9.416555881260898
7.901578968446975
6.136245820501866
5.601185353438867
4.345803215931143
3.819090730501144
3.3821809744074103
4.124231029455534
5.177931080177582
6.949412995836074
8.039193256161763
8.445079649711797
8.26593926178823
7.144832563913981
6.06683025705846
5.361276621639445
3.9683117167756174
3.796410326836104
3.1422607982789548
2.17789546646429
0.3612629990314778
0.2125076874671879
0.0
0.154913000689948
1.941615689885941
3.323353609816442
6.785529587919333
10.115372999540815
14.39627440956494
19.31649707752166
24.21114833420081
29.460641247463503
34.64979206794253
40.2847483483266
45.7277300432978
48.654623298398775
50.82755584011844
54.55454120482013
51.43758326309021
53.02343786212457
50.63731479759309
55.89369760695565
58.96496999667589
62.43418133505819
65.00733830054786
66.96138108079698
68.18387416192662
68.90012702748581
69.759905626797
70.51267836862104
71.56087202910719
72.69594775479054
75.14630763407482
73.88701254499134
73.58443837064229
73.96342188543268
74.29090850881407
74.67797572998788
75.04936615071881
75.0660860303606
74.79901936397378
73.93435617838864
72.68065004519895
71.26139378278106
69.71199871505976
69.18983758145193
68.96252202467012
69.55716323107737
69.93267889666076
71.45524259034556
71.92387138077108
71.77191489643444
71.54932617449298
70.8279236136722
70.29816988194739
70.22767821906157
70.1931452763565
70.25948139148392
71.92743395759305
73.24444543726783
74.1133882203805
74.7318503308954
74.70359666112945
74.78105463333361
74.46573657566105
73.52059948395375
70.99019579612089
70.38090894452145
69.88771618415484
69.23256380258552
68.67833218315847
67.99560240332265
67.82849867393264
68.63827626410055
68.74285113758799
68.47905008822418
71.55403840736808
67.54639505511986
67.53859203684749
67.61082028903645
73.07489268702635
65.74808122586538
65.95071555721204
67.86232355641086
70.27745744647805
70.52967912056523
70.223008525869
68.93213975243629
66.25101823942448
63.66897355528438
61.95077203212795
65.24296511656246
67.31370568342936
68.53655659969144
69.87300866869383
67.46259551741744
60.291684056709606
60.087973640408215
56.00181924401321
53.32442005468448
53.75370488357483
43.81196075909685
34.28362250185195
24.92318678275164
18.93728602774313
7.958979039460881
3.880034010688852
1.5213511142099585
0.663562428573358
0.6831543489924043
0.859732902156711
1.7546436604455886
2.140037521317125
3.0001307830950954
4.047569958318922
5.7220469981383095
9.162195272912264
18.893876163896707
23.22378224845077
35.89611270926782
41.14195196985571
40.41745465176208
39.69974257626284
40.53643674679365
33.894890828611345
32.51711526509259
24.499934933274908
16.997381071025185
8.333167068861979
3.382029038327957
0.6340066435861468
0.189788691625026
0.1638232182105836
0.4058576213504923
0.955229942146954
1.4966128388442943
3.21814817959442
4.618709673096996
6.245800500981279
9.867082017067878
10.99058690083473
2.592367589542192
10.198543588424766
9.749802544690318
9.003089821513113
6.89705704511728
4.032058415502437
2.301495526784828
0.5045188502679132
0.231756864131639
0.2857099490721491
0.867942291909319
1.688551778828373
3.0513312468273472
4.366012071151978
5.33881861909457
7.187499086604572
8.016572822636352
8.379901534881386
7.631380519951469
6.808804326090009
5.69137761089744
5.479698232462517
5.541013470379672
5.35524744491323
5.655665787688536
6.45341175240031
7.349250714842158
8.623473874824269
10.858221057791257
11.415498448695184
13.346647493787133
14.79508033308954
15.403592067783434
17.534274979627686
19.156081595416325
18.21359248598012
18.02718168415772
17.866288183461922
18.008719413585975
17.32176004116136
17.49291613724498
16.711726224092438
14.561820044876084
13.00585779607158
13.296391780182624
13.58299176535439
13.08778316794456
12.09333877837709
11.38431263910171
9.500552620028492
10.372795578457442
5.934002786190349
5.836792890881452
5.869690377234557
6.462336960432307
6.390563694233664
6.431515682905288
6.675807965505996
8.972012158874179
12.393734673464031
16.535086416327534
22.772090898231053
33.74398221375752
43.33240885684616
59.73766776578971
68.81092834560444
71.873940431488
73.95049946128863
73.6099193568839
73.05993863179643
73.8208675804024
74.1569161733215
74.46578059008222
76.68684418827426
74.1837047278033
72.90307986764684
70.62841810628339
68.70443624261884
70.09051287953048
66.78506981400811
64.06209870813869
64.4942053961512
68.63162776997349
66.81729548711102
68.48138383154733
69.87803197474207
71.06464823797072
71.19388820815486
70.049986748576
68.15871290529374
53.66194915963491
39.37639237338605
37.87524148422685
34.96727727737712
33.07576827594579
33.03933648917482
27.539666110879708
29.17011875032929
28.114056420542607
23.53460841774896
20.250662440149807
18.105229865477494
17.0642072525934
13.187315009932393
8.46041628159382
6.114377966228349
0.0
0.0
7.532755489043025
11.56950898864566
23.3015602876888
25.90034977367102
33.656107341850465
37.42568621802105
45.24971823318785
48.43437607963117
53.287831766425285
52.5460138504936
59.03409249413856
59.892920340039325
59.2842868372766
59.36869040226713
59.47359402785081
60.67455441325183
64.38153924595963
66.67537500654585
67.7630614043272
63.40067808206079
52.86017001107599
64.511136886293
63.76814464863543
67.86410571577696
66.55543798504512
67.98858403589065
68.21244192561392
70.64334028682943
72.5852564125326
72.93086741255843
72.12826252791315
70.22981022131604
66.52334542424012
59.486868737102895
50.68039342661224
52.255461444763256
45.60524391177324
48.26692772827316
51.00283647392996
52.9510253334142
55.98014030227656
56.19633937543092
57.074067231199045
59.140677942251386
60.62962821466059
61.17502836181168
53.93046512663607
60.13455416442964
58.66857235337093
57.51930871074424
56.646013292972775
55.403467823085776
53.75498397124146
46.65418355395041
34.80322897386809
30.064612529911276
11.970990299957426
4.844895393441649
0.0
4.458416597041435
6.226464185838896
9.06683253886314
12.537939144643524
17.71326025123934
16.35076254184087
17.329311963409875
19.080324773128662
20.76811756493614
26.97259807808504
25.32258979363625
30.46727947668998
40.29654129153767
36.7079081397506
36.83660772522684
37.68023786522316
40.50400597890516
43.85217999029317
51.07138798912769
41.62770426186084
36.20049211211763
31.15103869632717
25.718046232378267
28.37138568878891
28.55485921774008
32.503937751298466
36.092148281069285
44.33039176466718
48.82246984671062
51.97480472312978
52.77331463832128
54.66866745528682
58.52407976799857
59.43516305830828
60.70715243031438
60.355290565571806
58.145128707483344
56.083334376474966
54.44343531008115
46.37015992827011
43.35077382669105
34.59232445297749
26.65517786485217
19.37580230763989
14.47146250839432
10.236352163953487
7.881576458150193
6.536947063802197
6.297884135846581
7.770691584859486
7.480757366135378
13.58470118748518
20.975938776043147
28.79522700301097
41.51593968650847
62.74365147376331
71.89449207518203
75.03607866975572
75.76188465567465
75.54996771764964
75.61339303301911
76.11825857977058
77.95621282187477
78.26321623494347
77.86708635655756
67.10057559523487
66.02448255066207
61.33983283799769
51.255420711752365
38.62578042000004
20.85844204015716
19.06757221656437
8.250653649964331
1.7761872451136902
0.72802877227429
0.9204558394911176
1.7392256309237193
4.569587958590039
7.759735870557256
14.93387210633901
21.80917679795456
45.4698807874872
59.105208197079314
72.93706080829278
74.98698698803479
75.46363917635259
76.46210339395897
76.69886624609136
77.5742401012258
77.75389158124742
77.04636888955882
78.77850999786115
78.67932943913787
77.68623308357256
77.86748949810138
76.72725227549262
76.77278529148887
76.96580819410096
76.27011346209102
75.81153467011721
75.26459195207012
74.96966026017614
74.72833391322084
74.7547390569925
74.47654821086437
72.34167563164723
72.94985764029659
73.08128423743196
72.83397279926842
72.65994197416208
72.81346456751142
72.93810193414137
73.69716658819593
73.77306432495416
73.10482620371397
67.47426965192392
74.58980223514544
71.29211894335452
70.60767219452974
60.47874634533143
68.32185860016092
68.00604551030375
71.00412952424195
70.06747513532183
65.70496074790427
69.53306925656092
66.82690753582125
61.61377757894745
32.41645002602317
16.522312694090097
13.76930704636632
10.251800414815898
6.163145154893275
1.7268524633588476
9.440840479649731
9.555437595760033
9.62672204637894
9.73649127570128
9.505818478219332
9.649606798708296
8.705565636837749
7.498196942395231
7.325848946506581
8.332979562040304
9.279733232819757
11.484057383661098
13.327499628808308
13.776932386522937
15.140404159364603
16.75650731230035
20.436172219834884
26.428312127124112
31.06254893784339
34.649386595294914
39.34326618525166
40.53943216630328
34.75960779772288
32.91365421407945
