Выработка. Результирующий расчет
17.83794294851747
16.21097581842529
13.632126016028383
10.538266929275643
6.395102543516126
3.0844798514079717
3.4416867759228875
4.96386861420767
6.219592603309726
7.578095463156487
6.8753489534591985
8.871622760629563
7.298395660757805
7.866200966520276
5.385990860414896
5.6697960678150015
9.378317965144783
15.879783940976356
23.95316388629317
23.666376814928554
20.980602864009747
16.58232752741144
14.559452212862134
12.741029012126049
8.724774154312264
11.101045512345292
16.98283499512383
7.668462589989129
1.0
1.0
1.0
2.7830284392933287
3.2877961544642433
3.929501501532494
4.022594228232859
4.699792472733172
6.55464704666632
8.919665379209485
13.444634698687082
23.982851729479336
32.524399880153545
38.28261709568405
37.14194424577633
40.63392673977701
42.36126571018593
44.2514699223604
44.233330552634044
45.08448822527788
50.63518914376703
53.101773442755636
55.25413790893164
52.29974478674978
52.301714984526306
47.95593451976858
47.21890788395302
48.64982524916624
40.36310695427193
46.708211544734844
46.80240513130667
36.660628679965974
36.34179640546551
32.85050822034588
26.59094508119503
36.1459845340004
28.806054837325643
27.831667175469068
26.151875180500994
19.455818795023447
18.32533736977568
9.039336880626209
8.807381159645113
5.590578230484104
5.265992656196116
1.0
1.4395286974967512
1.2962117803089277
1.9497032103599103
1.0
1.0
1.0
1.7231727930699954
1.8615720210135969
1.8963123707423195
2.858481409481649
6.298868257146056
6.393004460020032
9.923135551101815
7.725285059791597
5.434735847587257
5.205423643101369
5.70549779127947
6.802788653705234
6.341905159635511
7.387843051288241
6.464136364412699
5.330487127430484
4.615392841116411
3.1218879370341286
2.646076336349009
1.0
1.0
1.0
1.0
1.0
1.4351115164817365
1.1774531161884703
1.454122380028192
1.9944847969660744
4.075525911911106
6.607423809408928
8.210547589447954
10.4336406415777
11.968987626332293
9.474225719308762
9.99259176656955
11.368511868184303
13.875861076567109
18.362417092499403
23.82524840285207
16.810165509538944
14.071004085332028
16.562066903290418
22.25831049705186
32.03848441072384
37.47993231549969
38.96438854123002
38.50123964794962
41.39845228925457
43.953610904366876
45.74374478103188
49.67261041801137
49.139535573875314
45.693734099879535
49.45691941052152
44.38078378209164
37.04121399603231
28.03460549372163
23.660004650001955
26.115196977501345
35.88859861353027
35.76242176394856
36.01010440358212
37.97160404945054
37.355462899384165
37.89646612661805
32.297255614992174
26.542043215850423
32.82715652016126
34.74661920097809
33.966389906849884
32.51488996788504
31.864274491298247
32.72495234368504
32.91837583550503
33.41593211913743
33.60896301946981
35.627682532860376
37.60168655529997
36.073904740984574
33.68434749598145
30.978666372563723
27.736290679064297
26.428781680852047
26.708350710660092
22.513709806261545
14.74142423078769
13.51630319444653
13.791679573720192
15.112398170290476
18.380259913701067
18.23580805163777
20.657032191998148
21.143310294237637
20.556205928570414
24.472736958248028
23.92882894047787
21.01796178959613
23.545226475297003
26.28760949218793
34.63245166520359
41.984101179813386
48.15335833776797
51.71934353360025
52.99288032322599
50.13384701057913
49.33627010628226
49.98035844762478
58.493536698992386
57.64415811317696
56.95633452178505
62.42004593029997
57.590277509173546
57.50639581203543
60.48718022823416
61.9909901571282
62.53198447321024
66.01269668532461
66.77283929319537
70.4731461162528
71.58629361342993
72.61433736037817
70.96102942369859
72.29885688972082
72.84608239518339
75.16403131924565
74.42351405840134
75.86824277669986
76.03723171979983
75.87214713536198
74.95589253092673
75.42300978850928
75.76143807755643
75.17312995147314
72.45037287665457
70.4013701358935
67.9879029515352
68.06026515161005
68.80149000380601
71.4914077789686
71.24383512687292
71.91201106261816
71.31971396349351
73.05590239715185
73.2398127670249
74.47875014495459
73.86753698969748
73.63693419646826
71.64908209156015
72.41045853281882
69.93021455120065
67.29816394169228
61.792327270456546
53.4720231893126
48.820652995708
49.14250933187928
49.700329554524444
52.19122825617432
60.25098126174477
66.25025471841303
66.6060401621941
71.12994424056616
71.02799550246802
70.97263707064073
67.4715433994433
66.87994107400385
67.77945393515677
68.58030623389334
68.57760733557791
68.29440802527517
68.96261805487723
67.03537425195185
68.91360062552542
70.62848633719534
70.77848933668292
71.65301054907889
66.89558133279291
62.4488120031365
59.304661828432295
60.55712960975899
67.49196352164907
70.85352746200171
70.57911927090818
68.02466701002277
65.26505071407203
65.68845048400254
65.65551349196718
66.68344935571162
64.07614669000117
67.99009818030447
69.6971303493879
68.46464736208961
62.886245044003424
58.508133229353895
60.45555509727162
59.753650619269685
64.99005612527338
68.45599816915002
72.30245682383445
71.96280144672608
68.94127659725321
63.05667176619709
62.02823336549679
55.12237124760048
48.47076256700436
47.17586906381527
52.29803049920262
58.866761550852054
65.42134844311563
62.21471534723877
48.045037606055274
46.887099230371575
53.36986993568672
58.66825818538748
54.546006040057335
48.54354070195248
48.194271687251934
49.85957953957044
48.15226538792631
41.8597674437557
37.88701359689996
31.429729526930206
21.492366710040685
6.939774604900455
2.533109620819541
1.0
1.338292354112962
0.7006085670093931
0.30992610813182964
1.1958676724085793
0.9609723842243589
1.0
1.3476105487446226
1.9565655865392078
2.4229497932707114
1.7632648625096667
0.9632883823017515
1.3102284228901304
1.4485441593775734
1.2874671541291232
1.9954553871408152
1.9715846805825876
2.2319459599386775
1.7618042259469675
1.423144892464105
0.9411123938657773
0.89808189345379
1.0
2.7247204718650373
4.811391880024587
2.518974903132026
1.0
1.8628597197593244
2.9780635513982165
4.07136898230425
7.481580483204111
8.76805774245035
10.35329628644565
13.729897884581025
19.687476029572156
22.888621813872962
34.40584812521556
37.96957215268765
41.51993782945553
46.141790440868306
46.02899760199636
32.6887796682922
26.17452104450268
1.0
10.168168143043939
7.35340179487562
8.969360473108683
10.357181555610689
17.715045963173342
20.906220337449103
23.418017020401624
28.278442990582008
37.48912525532902
39.09520546225034
46.151229388863946
50.288036493217355
54.43428622724083
56.51335975203799
62.979981702912184
68.01535672141165
72.92973286852882
73.43958289370582
76.41337598595871
76.93006137640079
76.9703336619663
76.87433585160252
77.60551949314426
78.54713480400217
78.20090060161722
77.9269739859022
77.93582367795624
78.10802916318973
77.36203812452842
76.63227609426578
75.8699353101929
75.60941319905217
74.48538226472074
74.1335329170188
76.32276900311882
76.83087948591312
76.8895669344147
76.7331514719208
75.18879609547551
75.29788369523222
77.01087983151848
77.36774305135806
76.77832034856876
76.7906347178745
77.21501854688724
76.87242228732154
77.52750309010918
77.37240989705498
77.63216721910156
76.56600173286746
76.16004007082199
77.17624396277517
73.93015298043696
72.9424637008274
71.56647760158424
68.75852592602752
65.27160822399942
61.54824053295938
67.30674523306936
69.66864195178964
67.11048144293875
71.24426496640135
68.0518118758306
68.60747749834917
67.39459189568964
63.78393833877114
62.994812539409565
67.0683113757256
69.05955952597708
68.64154979262636
71.27354548902667
74.08384264126707
72.24206084595853
71.74649879122641
68.14223383398212
65.362172913846
63.107983107567655
60.36078714149727
63.53297145977995
57.91457782740235
57.28419052118897
55.2928126906836
55.29273137246576
62.424739942266115
61.99265589807596
63.15865997706685
63.718320981671035
64.11532718425636
64.4388136816033
59.71262489313721
54.77753794549168
56.154116514896394
63.651259894371854
68.31452669303579
68.22608775092215
65.56657647609794
58.936697561348794
52.71194941547144
50.82719672082127
45.17946261192002
39.96235960746446
33.64182189548535
21.629484480314606
19.236903893238242
13.386638550016816
17.7950532294183
29.035431507808575
35.07590866766317
33.79894546115918
31.698139352101336
34.312776726979266
37.58551136911676
45.89755036853194
47.08530168675189
47.28342511676192
49.6203181601434
47.045656905260586
40.0698129537169
32.860555043396616
22.224891824025164
10.226543572150185
5.865759613466654
2.7073942743378634
1.0588648688950366
1.548431390291551
0.5798874652485289
0.37887191153178534
0.0
0.0
0.6703348097861799
1.0390245852530988
1.5183518684009947
2.183888092483042
4.150572575346453
6.138218911750888
10.191595199060831
13.119904883747894
16.673138048850014
19.867596534941132
22.078642703107953
20.996751902002345
14.040626247262864
9.037842280250581
7.582111599398051
6.024663997764259
3.615313805357439
3.216376511069237
2.2023595718989357
2.9546472706517566
3.4107581459335634
3.5697689326999438
5.106512787294779
5.976975204897318
6.006547528844054
9.465108075473422
13.634484084732186
15.998726748612382
18.238502902287493
16.63440568767003
10.871498522314049
6.837988931279357
3.311405457273943
1.3223164832691587
1.0036611495078596
1.0
1.0
0.6737542090476545
0.5413112578452619
0.40413154646253435
2.3292748056488985
2.499958116154845
6.925505644660982
8.459744936805757
12.202143867349534
17.842148936800122
26.044898046205972
34.05025887845219
37.60454689020752
41.575124466501336
38.29899943230809
40.54704151510814
29.65349691370117
23.164252673035097
25.01076902131321
28.23623237967113
27.084604013140336
24.38813529963135
26.385343325581573
33.082078341228375
44.3806662323805
45.73037970421971
34.82819305428555
32.641563763794565
26.10624175527679
24.82902356938754
32.405997160655865
36.06573260185623
36.04407108185196
34.256200289997686
44.815122590013736
44.29893849858334
45.495006660219225
38.787819733795786
34.02386871676838
29.340921435954584
19.30165818560804
10.320871742916498
3.486151709998606
1.0
1.0
1.1624839243949445
1.6529556660304054
2.4164373554906238
3.6559187494355196
4.472843724827941
7.38617698225748
11.025346477365403
13.581405123652942
13.942423131535566
11.01781774221042
12.952706058359055
14.813608837788795
24.464278158491087
28.800648383885495
38.92444325170858
42.535336280092
43.56766050317871
29.632625646855715
19.97643975664998
6.690977431551439
6.024208573313652
3.637485221634332
3.1715798525462136
6.082284976948415
7.972181084108744
7.528198006105814
9.802553319123247
11.828947132521026
12.067917031653383
11.873823436386239
12.836229285182483
14.489390534766176
18.32528774191762
20.38515136887456
28.514374435192728
35.310327780690216
38.86271070259346
41.28655328234565
44.81374013779068
42.95170900848829
45.58343825607969
52.09857477348012
68.06209291618032
65.58682450448481
67.83471120994253
68.52735723655385
67.02896603738276
70.7703165025389
75.83596332570488
77.92323570179117
76.99750289741432
77.38983683708584
77.46840019944584
78.12187916460907
78.8955979337088
76.98719629281041
78.05533728689063
76.25722472887253
76.82576899968083
75.18530556345847
71.8732941549721
72.35454382102651
68.84881549198525
67.4203047704705
65.18398427486503
63.94824170589529
61.906181413088056
59.63629483699881
54.77331019178143
39.533674077471886
31.352705833800684
29.18720615265274
23.48529993551698
16.658960825782806
9.958521205525573
9.929447251897033
15.58376241384128
14.993819004875215
16.094658536213885
16.530729597502237
20.163533721809817
25.457936034288906
22.166673839337015
24.861363165169827
25.02693596288913
26.951381907549404
30.64162803868534
32.86454750413749
36.53002245851437
39.10444651598572
35.76629336305538
31.77860983094108
28.356396639429192
35.446234452898636
49.614464847197205
54.36843885581654
51.23089587438906
43.74508603295219
37.1579139115168
31.30537765405519
27.898324651129702
16.72136595135737
13.946016473073016
10.24037388194288
14.440534656935089
19.561440502052736
31.689254645084382
37.848562554797326
49.02217355147541
58.651156649304994
68.9995851869544
72.2288319526785
75.86315496465141
76.94057587415774
76.73944192372258
75.27882906580832
73.51406739683307
71.9291163841979
65.00156068325126
57.07336481293571
47.40081232810655
31.575897378224383
17.695680650360238
8.623883205990966
4.878084333999729
3.22684684620676
1.2287794672089571
1.864140001746117
3.156020792587375
3.5629850946503634
4.075610448826467
6.465796234560404
9.563463607165927
15.039575738209734
17.415288482552004
22.904304199010006
32.18116842764344
46.86723495766165
47.3275194683159
46.63222251886963
42.40352309106053
29.24511395076992
19.18606223732093
14.127366502618699
8.006480793483302
3.654537680651252
2.3060429847340025
1.0
1.0
0.12552749587078216
0.3847318446735777
4.526405008895969
8.716126230597283
13.43460086215223
19.757659924107838
31.426348365718816
39.90946515423284
44.85847938713458
43.26721422909038
35.69350810500809
34.07102902378944
39.536112195936724
43.90088978876286
47.354871637195615
51.015147573439165
49.04079362283861
48.9171779575246
50.6522371424309
51.651335558370285
58.5522207960883
56.2326611507717
58.535469506720624
60.92600994467916
58.51353340171052
59.05270748160554
61.395455791061295
63.20909538157614
63.041518591720184
64.26013228748235
66.91938479535008
66.30435966153888
65.21400775797994
64.93306045554353
66.80607929118307
65.94715442546041
67.80793423802174
67.85679324261571
67.58406725639986
66.61951982121843
65.95440180469689
63.96602785746681
62.179639286392984
60.09221480985431
64.08763563792336
64.53505404583836
62.16810843799504
62.22207114551457
61.294096077294775
59.044422945455246
61.290393048512954
62.35287139270695
62.261062048751434
63.41292842022801
63.48973487516193
62.21911220572663
61.00515349079308
67.33968568113202
62.05478667359728
41.99266265456548
14.095814386562592
10.338423992675391
14.549470005899211
18.968788568465644
15.994663674774836
12.986443541312472
12.397092352324238
17.548275303795783
23.52810561279887
25.5779290876275
26.64093599760133
29.915251291550607
34.69144228772065
41.422819475766005
54.71085624987914
57.95543750234001
58.53596339968051
58.2308621153632
57.74208326928044
54.93095456700701
45.89350030277165
41.52140028324102
31.818520910231157
22.976969277740185
1.0
6.745714434558041
3.732797936422285
5.403543101348422
2.305983295123913
3.455167249363539
4.813710470143075
7.8123402812721885
12.259147344829945
12.18799207077414
17.413075394141977
25.23862449067304
42.54447880230593
48.7115898551839
52.19884999386693
49.743503893228
46.84857593324985
42.33204441363647
36.37402248196745
28.79614312646048
17.11829119768693
10.96451251400015
6.782812093392685
3.728782564779472
5.233240228730471
9.17475251659582
14.336517011660103
12.906508127407319
9.78798729396398
5.9225122950130205
6.22322985996373
5.186271612525294
5.567832993393155
4.641065810815171
3.1056031290494914
2.386938782990371
2.2737506672705647
2.345380517304336
2.1189807698096272
2.4918647565669385
2.2757814683741895
1.973223571475887
1.6689108654822347
1.0
1.0
1.0
0.9946536553102754
0.7381751072603486
1.0
1.0
1.0
1.0
2.585317258533382
4.074580222746086
5.539912324982913
7.749062058005707
11.04080611315324
14.732557119767845
20.26322557714011
27.63479853876238
29.09434274571607
31.890864647187204
36.01211266754405
38.01727374416814
47.458284785731
55.70467558346438
62.450225256759246
69.51362191777605
73.18139028814191
71.38711149860558
72.20393907170671
71.80630196283794
73.26349556246845
73.65070523726664
73.60541664946429
74.98978428354505
71.74771297535523
70.72248743726503
70.93657826139223
70.75720497179904
71.11208053637424
71.50247951556125
70.97478998264893
71.49032677362895
70.59958601262922
68.41976297061073
69.41791864302476
68.50630151372332
65.7070784106902
62.624235916358955
60.78934877513649
59.179611724843326
58.10784634432358
56.95481404146714
54.2848118156945
52.63394583996586
49.09146414545383
39.89507620571391
37.709910190857855
36.68824175671479
38.88889251195985
41.96511260141545
47.410066331731436
49.992798055516836
51.800762040885346
53.521299058187026
56.03640239833595
58.51454453875092
58.81840821634447
32.8932514905481
36.56518718134081
45.54845483746437
53.10642414386108
52.9809217970517
51.594211986048386
49.70937865017192
33.828237475444574
11.98319469551041
3.7967043676204053
2.3014965102042195
1.0
1.0
1.0
1.9385868355597493
1.0
0.8487950105895363
0.7884768292273518
0.6077507778967854
1.4936814209631466
1.5770966733101952
3.057304610889294
11.275294802451388
23.318477491970835
41.649521733628866
51.918225978354535
61.29156918675221
68.21769820790666
73.37680425154886
75.7900036659784
75.3569057494454
75.25658994019552
75.1335033685021
74.77175973952338
74.16205658615156
74.36320929825827
74.33153714836165
75.07831140089475
74.45940101704224
74.99231111150164
71.86204901451754
64.67437775303063
63.07393684275778
61.75602767322453
48.973145626861175
37.99501042772797
45.84529778812321
50.442158721763214
59.68307013661183
61.18541633229631
67.70396150301433
65.43327373921281
72.7424845701597
70.85264633847963
73.30731586923841
74.21880297174695
73.99988479018732
71.6934877748344
73.05074906410196
70.76370514582133
67.25212203603166
64.80370381217614
64.85601508776772
62.2926128642672
62.178926898544205
59.91805847957173
56.64557918019646
55.73168649562033
53.67213886379005
55.21998986086411
57.17169520709904
54.03338484786225
57.505847650689134
55.68040532528764
56.552462804240236
60.63751418758568
62.837424757746405
56.04378040004906
50.961798506897935
47.23614983965424
47.03606663492526
41.36818519077944
34.25159834860103
29.136188543595285
27.781240716452096
22.29124060823298
14.351436235455601
10.012105370925374
8.215000626120942
5.22989866603978
3.628495802562573
3.0641602579557414
2.9312968155554318
2.331965998632368
2.554236163776257
1.4937083447579491
3.3131089647305467
3.8208320822058983
6.6179252729792815
12.409478606622399
17.43404538626954
27.24542907551667
35.861197716564206
42.716628275409015
52.119717822717334
60.53597705703157
67.07831371388062
71.0881073050543
73.74370250702425
74.02970401049181
73.95328212008401
74.0798028022103
74.47860669196173
77.08251703649232
75.655824550683
76.14849294095704
75.15161122034526
72.8337462932797
72.5353154626436
72.46677441268632
74.5902966347284
74.84445399701698
73.13420044768206
73.52729164946429
72.81013428557269
68.8740567158433
65.44022904973406
48.31285659211347
41.97877013306254
12.694669829406283
3.4991629025152706
1.0
1.0
1.0
1.0
15.734252607363228
17.464500439244556
17.12762609674311
18.401274081274213
26.02494295086769
29.742918218480703
30.87298904207553
33.449861578240665
38.011265119985275
35.4721891535393
38.541482734901436
49.298380402141966
54.38963519673723
61.90182907749352
61.835789996308336
61.72104101538839
58.901148222762664
59.26056917302037
62.52850229908165
63.992204505127916
62.42378012700987
62.920088755624406
58.83037393687965
52.24801786389259
51.48421362713715
59.514443738730805
67.32726952358738
72.2258918474885
73.53591373077755
74.29394734769532
71.1198596830536
70.07896698078736
69.92012478816233
65.77839121147647
60.45662483221882
51.494755166137736
47.87359020564946
51.9048690807797
60.359106055311145
56.65672181745319
59.10540953392671
52.92888534228432
43.081378746253975
33.72770438936557
31.323188690764184
31.86541215051823
41.88546475301897
51.32978544090184
61.1009044919552
61.2968362109774
65.72534024874794
68.73777030061221
72.91442537108506
70.50053818928919
69.90056942655336
64.9685810091324
70.85250851437107
68.60923921208757
64.96411755424157
66.56282769780535
66.54176366488564
65.81820913222154
64.36159451175865
63.27668698002037
66.94871545102949
64.1358491097011
57.37989654429587
45.88049422052707
35.1641368018549
31.010805805744987
29.06247941126042
34.733250790822524
35.39820423014792
35.616554640609344
30.987090314733145
30.885519868818804
25.977849958468916
22.324579115911664
16.667574759527387
14.162757750555219
15.784016203835456
17.564008254948373
19.361999944370865
19.714372454553384
20.363195816234835
16.80244593128393
16.415660185663203
15.822582042098706
19.628136097195114
22.07681903391053
17.825800691703858
13.728408994119347
9.817879751843092
12.837376777617866
16.910365736025337
19.660870468157295
26.05533291109209
32.41702084778087
40.42584081597679
43.669374917487225
46.08576676700505
45.200235317611444
48.03330012295722
48.83181783090746
48.794714526795424
41.352863153042655
31.916480959941644
23.30902473087717
17.333880540404692
10.032539912634975
4.411519517581799
2.225104066193496
1.329837684329891
0.6684398507028129
0.5352677834230684
0.5519768727022432
0.6098591816622041
0.6436030720620658
0.8171446989780833
0.734855537113094
0.6023651406134602
0.5897938057745931
0.6599613472784993
0.29730672957480175
0.4334499371248506
0.5974716675478242
0.7394877716864583
1.271768065750991
3.2880013425839403
3.0597034181891747
5.924591170348666
6.656596707229825
10.62901351318747
15.69321681268816
18.61665474991435
25.308647520033404
35.18238898645556
38.529568160878775
42.062234844075796
45.81146310118045
40.93922010530644
37.92059422203688
36.97689612728582
36.376328194431736
40.4985285613346
39.47971376310503
39.519757593976614
43.545965367543715
45.89582338221701
44.33112220786286
41.75277155040504
39.4954372299782
37.299782617362396
30.71130780056855
33.28907207325837
34.953496701208635
39.323551808492475
38.95291598744743
44.122930011228256
46.13684454403567
48.54030876452758
51.037566236748965
57.00901855763249
56.85065212138327
54.89484174839879
49.9275412786785
42.52915443714909
35.99115972812011
20.1354167209664
8.482696529899018
3.332113017719128
1.0
3.426394077599441
4.12920783964906
4.022515883128979
5.641770048905657
5.84134227252538
10.858150648002836
14.93521026726175
16.46503100262076
20.746576429893274
26.374740356510134
28.835432924205755
29.87507655535993
31.982880956501035
25.356543339051218
18.705396052404584
14.023173104388533
12.767658984542553
15.742896257641224
19.942287688988213
26.425725472050953
27.91629983194475
32.825470722474066
40.984814797536664
45.03285498768605
56.4054398283759
59.980680917243085
60.33145663593205
60.91061725505026
62.206682494880575
68.24659061696882
69.25881815221662
64.21525967280495
67.66607651039615
68.15738049263643
67.96177064519304
70.18742772150912
70.16191482808942
68.17091871809623
68.95633626249189
68.37172174718732
68.05457830694074
71.09888057222608
69.56754003717195
70.02696727468263
70.26169909189677
70.22193969439006
70.92874382688295
70.66238082598186
70.87919377042543
70.48741480633274
70.24047180224338
70.94218635824079
69.32932211470268
68.73868238072771
67.31114275623497
65.43540270496544
65.79142701785194
68.09584613707383
67.73656221297105
69.4682374027049
69.41523862150068
67.00138366381752
64.70999577384606
59.949121855575164
54.16544728685883
52.22622185046508
49.273292933599286
46.36171286342902
51.73470292833652
57.30481321659063
58.49462621806862
56.9202656284026
55.77270382045509
52.06105583308937
52.75951879619362
50.55827887959831
53.770743279082055
49.51572362054997
43.250429948391776
42.469510909124594
37.24310446985369
32.46581643967797
27.146915030434577
23.42622343255854
16.469789786188127
13.336638794936679
8.295063839950107
3.8841920516544084
2.0260250469854855
1.0
1.0
2.6450920149649617
2.408406858142757
2.5373424336279866
1.9819077298010823
1.7976804445988108
1.8509987066990305
1.55168211906805
1.3879580224160302
1.9743640324286007
2.168104877155163
1.7347541608638135
2.8287498852423214
3.677810253863881
4.818467830315903
4.746781417304165
5.11720235007394
6.0979814278043065
7.594639645614169
8.752381946013875
9.010547944261617
9.56668359871108
11.019998933242269
12.104620362685628
14.01787537184312
20.847117667931084
26.082237161571477
32.3699222869554
39.06774326692736
41.82523521314776
44.35867129934951
49.02605147894673
50.02755291309332
49.762924693900665
55.90029039271506
60.6743435606757
60.06789668194676
66.55148124959821
69.42210305880046
69.37423970210276
69.14223553645334
67.41959835241771
69.05512521562333
69.23371525335752
68.17194856076905
69.32902308035337
66.28881906224977
64.6821397657249
54.00409729648766
52.743889647645005
53.94234021298314
51.17264069851689
47.16358768118545
43.8164428990033
41.55574636752441
35.71870165108008
26.934524802596318
19.313367103199067
13.73076109779379
7.837955357795308
6.147242893855908
4.168560614269116
4.773164918105938
5.388929905658315
8.110384510879728
8.581942771108597
6.322964535750888
6.533916579284213
7.471652613677524
10.312083312227315
10.767601270619105
9.810831943706757
8.648409987853475
9.772748299791402
11.427308816853236
9.817297317532628
8.454251776152363
7.920871998351661
9.855918664875697
11.559275962857335
16.086456631282868
30.90996539215678
33.60370817623782
48.28832612779941
51.67628417757358
60.993573800732314
61.02851850276832
61.83716344356619
66.30453437758536
69.07234827441167
71.30710760306921
71.25928250503149
68.41706007910818
66.56277951394526
63.32044213058022
63.11792230129324
71.07121101569739
65.05013527076406
67.41935244750586
62.2430584255341
56.19415834323109
57.533625749503976
62.09802562190145
66.30262237034734
68.11928850960341
61.63042170748756
65.2088932671633
62.16258611988046
54.27929896308034
49.03309701414264
48.7284680763976
49.28998475391762
52.3445846125731
52.61572544891732
45.77208869839555
40.97480928648318
42.09689573998093
47.48467936888874
45.560467650904926
54.69433706123726
51.160393693739906
47.31516552701702
40.90206657404541
41.3038354968512
41.336936700518265
44.79869794368826
49.78159713268362
52.04232292492287
57.46676522975807
61.12331504988797
64.66860502455796
66.90346926642508
68.40121625394977
69.20973768543222
70.3151313419303
67.86382216406912
65.48900040780512
62.551551652249316
55.10396505132427
45.25140293320548
24.903157100940327
14.826265288060402
13.110031087732224
10.801244401123979
11.710115226394784
12.288157177632545
12.796011833403046
15.21838871886159
18.66192797243835
23.248056388906598
28.208169971352053
34.293828428036356
33.7676842280422
31.312471947887968
34.510048157790735
48.45595747974146
53.47442182500515
53.03319679255127
50.74014127004946
48.09429514158572
48.47537933605446
46.296294740032124
43.89757585048758
39.879581317850345
33.789726141666414
29.133935198870205
28.438112858516583
34.7627532722795
35.62320642613177
37.47380540398084
37.79359551676379
36.581393108316654
39.532312619860306
40.29232108343447
40.22451758739853
39.214398111893274
42.58720769366157
43.586022261356355
36.00673062350977
36.06909895620694
42.772815575775766
48.381499991503645
56.23267017359375
57.65415179479922
64.31336273353261
62.25540899885758
65.24010068369955
67.66076759051886
66.75603834342566
67.19028994227317
64.95792526198477
65.01438218837623
69.50225176017446
74.52935132019994
75.81350429825137
75.43876870175774
75.36599508554538
76.36545260719608
75.29654554159244
75.38954199586166
75.52746967107852
75.4345493677338
75.26183256142613
75.68044976026614
74.04032104234909
75.70849569341118
76.0150974157532
75.89383248121341
75.21914681427953
75.29653064043124
75.21519644757683
72.28538150178129
68.49139517737478
62.44065754653481
58.59776788074868
57.19036436811199
59.144603736550714
58.428852553368436
58.60504634991667
61.40220784664236
61.71239900112234
56.13874851712076
54.10025058741211
51.97741065973877
48.53723694130423
39.75329672354188
38.07588078997969
34.10712276953187
31.80368569934888
25.766809625037173
22.91548576757663
19.05339458234123
19.096462888129214
20.173112786821484
18.822030705708514
15.01193280968657
12.661173092609582
8.53177643055955
6.584115142948672
7.392117578129943
8.465112098103363
7.50768525707212
11.158063215894666
11.94644368348697
13.145391734726083
16.054616135853777
19.99600283008015
24.848122775799418
25.472764407043886
26.147584949138178
24.246631894951296
24.10047899740663
31.418357741634864
35.152573359456085
41.79613158729993
39.18318212388218
44.08409255870262
48.15874059811613
51.22488146543585
48.53782801945107
48.44171905040823
42.760438518008385
52.58259241897957
47.172676570565606
53.387331969888116
55.74189963713825
53.80083713473347
56.79356055576699
57.448654548336684
56.07770313422841
52.147482445254596
60.22416900129474
58.08183058892694
54.563446750655444
53.577609161477255
54.29872947056191
53.46191942215048
58.627653805365235
57.74541713397664
53.52259552002035
56.36724810171254
55.84741350785435
54.37820248920815
57.71061016719502
54.273369138296886
51.11281474292388
53.83297835905449
52.01823248982512
55.41945720986069
61.80195364152399
68.89850947047141
61.97299131547418
62.899032966305434
65.62773369283832
66.33188651533283
69.71801654052344
70.93123776303464
70.99921757565671
72.02886527024205
65.86164468718619
65.03951374923024
63.38486823235956
57.685972685814725
53.73299300421084
51.680251912554894
51.93194862612353
48.53582341220606
41.217451043393496
30.59872081900277
25.54894616626143
18.655724082591547
14.426273775761818
10.607582139325533
9.997012492026418
13.519163636508809
15.45256665576185
13.666248989766334
9.86251632246744
2.740167036498545
1.8997326648334898
1.0
2.383917776556908
3.4404367528992648
5.421200516176615
11.450143528645729
24.192954663020977
46.81596000805876
49.07786333916844
51.97178016657471
54.85367177742256
58.178688044548856
57.93688630580984
59.16592936832802
60.030093677194024
54.43070112713663
47.316774014217266
37.943581452545786
30.970178298741452
22.864603084929445
17.435425129006422
16.860785665399682
14.765416615393617
11.286191758665062
6.360097880489871
6.011013145573184
3.9075885188736743
4.856314333541965
2.9352585953604304
2.2637792973170265
2.3733238129267678
3.2845565952977527
3.8927944076218433
8.03836348378637
8.151064691099144
8.520097144490082
9.5577334550358
8.688733466511566
7.2668061279777625
7.032667187094475
4.47518908513312
4.354008587463474
4.427763815052554
2.038509026015757
1.0
0.9576185889341366
0.6940909571744931
0.5480261456958906
1.7450945057591785
3.3102597318726534
7.272913006186272
10.265632635932954
16.00618178910563
22.1210723345461
27.49308065021558
34.104063859162
37.87534011582615
43.23216794499447
48.93266042668972
50.66704545969605
51.907721152389925
49.581671932036414
47.84447132105469
53.78007841840496
54.8826866222929
57.18935012340628
61.59310187499684
65.72267741156668
68.76080192469041
71.4711494126406
71.16884294700232
69.8838659794233
71.83394089889136
71.8564492816886
72.80031985627348
73.50907795648789
74.891001022168
75.07596119873998
75.03321560853001
75.11581369870183
75.79509075185234
75.27825232975957
76.37442981096794
76.36364384464572
77.09406423467316
76.10029425196002
74.82121518880923
73.19191925965245
70.88097039413061
68.22108904753956
71.76538392687705
71.94175476775214
71.46865621757117
74.56507362160934
74.67636282941277
74.72616506848587
72.91123383264755
72.41423732981727
72.6935767288169
73.52645950756963
73.3536745964163
72.38859502029028
73.49022262315964
75.18709329397281
74.99529239171025
76.22723754219363
77.62967722343576
77.72986357139719
77.47601406501902
74.84802821905215
71.3295401687583
72.1406883354148
71.94068071032432
71.05509289885428
70.8817154521903
69.07172932335494
68.28658858698796
71.48971742974454
72.66111808262761
69.72250119399634
66.40355204076923
69.27866044353463
70.84095278930273
71.4876117386904
71.07563320350256
66.56605729257075
66.2124691883227
69.27520359896104
72.85140698395665
74.47734655175461
74.56001577407916
73.82851179570754
68.98038237314438
67.89924088668432
69.14853367757406
70.43405875199315
71.2470801237305
71.10991105072972
73.60522958271977
62.437816922720714
56.92126064617531
58.86802682076898
53.47898474189134
51.462981274913716
49.49877560868969
39.91471491808533
31.687414870348476
20.350384242156576
8.585590396767092
1.3768542958569974
1.7373729530383901
1.4880397000035632
0.7252169876351999
0.320852890456675
1.7669918906845874
1.0082803550769643
0.5853019486614759
5.141897442293558
6.635022718053039
6.033560427291965
9.194248559427653
17.70158758408836
26.299247443920756
39.90649043078064
42.705928430505985
40.83875513754232
39.841560235199594
46.59397906089463
43.63243173131039
29.042546920567624
25.90262415730932
15.482027131657775
5.833395896168648
3.0306432339345584
1.0
1.0
0.829342240820123
1.0
1.9102565197596535
2.7395960968863093
4.424483444631458
5.651794511418517
7.740857151388909
14.06876484801198
18.40096556204286
11.348650177898104
9.635314998182347
11.856339652871995
10.927976401931893
6.410700717303866
3.641471382151969
1.78828771472973
1.0
1.0
0.9770463652708066
1.4212972073206886
3.0177553069748706
4.395664091236636
5.589443761449035
7.272758724642191
10.442741313312167
12.180848319864182
12.17594506985954
10.12585405795094
8.635504134541351
6.27306254539984
6.495194512944396
7.2599866413597205
6.1339414845654066
6.467781144719298
7.768679538104648
8.923314292764573
9.678830822886951
12.816505593665102
11.027799514982636
13.382249039906512
17.589110408668947
17.760586417726635
21.975031638368364
21.741837372955946
19.70557681422627
15.615636848268991
20.367753667134295
18.392000263624542
16.024053724891793
18.928645817491944
17.75685660292531
13.236532409524827
12.904291894505537
13.711544236125643
14.742867025024545
12.738732122567155
11.693737549467054
12.868473251199632
9.353503146503085
6.929126503420267
5.72301633987921
5.9584761444141225
6.6376634422351675
5.869883110035573
5.689594658477878
4.875592736216484
4.670173374625145
5.137079950343497
10.940110113821937
15.69907668674512
23.558408511128448
33.072693518647014
47.09030889005817
64.67894847890312
73.17857139756853
74.08808889620778
75.95525154107091
77.02690116118994
74.76412790041184
75.37062390347893
75.03076828751816
75.22695990106041
76.75230160953772
76.35853591459907
72.3726819419193
62.591124053002225
62.910617293845114
62.58872405242529
60.49433964682668
62.05228788143043
62.652691604624685
66.2098321595278
69.3211616487181
71.26225700687387
73.91099783564475
72.59691325378027
72.55673256229379
68.05484694434256
65.25017410708517
50.605300402912725
34.27747888631174
41.74354088056887
33.37722314962437
36.14234846854844
44.12204729574647
40.166793984669695
36.44562629306836
31.160078220158688
26.195093787721753
18.897924808714325
18.81082864886332
16.53900263852886
10.920163877850372
5.406717378239806
3.329541119201755
2.6866862454137195
3.75458861872053
11.436050726051002
21.326822955942063
29.773484897415656
38.038068979543795
41.25183747777035
41.41692720907655
46.17920458672703
50.48983843751827
59.822794011424946
60.30322413761513
56.24665213361492
57.597440237999784
58.80755280971609
60.0060849262785
57.48221438170937
63.425666896452576
68.91344434605772
67.4240191335639
66.90396959528968
44.64301822453214
60.99852696609106
56.55142897559255
55.42220715698626
60.072773350700544
65.22392317438987
63.57934418868628
63.02221288989999
70.20867855978477
72.21682470064377
72.75716681977684
72.88837585479816
68.81079501496488
65.64303120683648
57.4753036782393
47.93168878078543
46.707666940953615
44.670788392969364
45.78910763293169
47.36085312606362
54.56382083416067
54.50380008537667
53.92363133151429
57.388739116341974
57.30085962058571
59.33739321471718
59.63164567470633
61.26499753315346
59.46453164833321
56.70364234474622
56.72900435951673
57.12192423768917
56.52660806855094
54.46134408910427
48.11664921787012
35.53009718681016
17.7551819508257
8.052604940771843
4.010277750424032
3.80855956898508
3.8675736509400362
5.282642605257426
7.549027508192413
10.91383348959413
14.922136914532203
13.996977962068677
15.62434689452077
18.174682759104257
21.09254456807996
21.361052549890637
26.438376222496462
30.02497852526052
37.75558492287638
41.414548621264004
34.777205338654184
36.67311430654867
43.80828504704242
50.191387042948
50.4564026569208
44.907183146748174
36.45655394277914
31.10671039842009
24.366011967835096
21.930457940277723
29.256742034798098
38.559354172015766
48.02658210749268
51.5177236386193
55.18767961461697
57.89446328895821
55.10278259272217
55.49729430425967
56.55927937270668
59.062420895885396
60.29783868312918
59.173948196327096
57.756473071725274
62.238531190309736
58.79177951335989
53.79443095939888
49.353713488850225
37.649360944259215
30.653622788794497
24.504135615211517
14.340119602632914
7.0997222615552396
4.04606386801809
5.0780398805991105
5.075124813193947
6.55215144391099
7.948704131489594
10.359174637052948
18.038691078072024
28.738983855333828
41.85399298984902
65.09092644483646
75.25028066562784
77.32843380841886
77.32811456594145
77.37137283805286
77.51672178927338
77.50282606902992
78.6043680352298
79.06030887785828
76.67888697617528
65.46398141693093
62.01227777223801
56.88194925814531
56.02493118763052
42.83080691123643
20.534161456471367
15.500432272291093
4.887424198599755
1.0
0.6218687243558896
0.44609581900615813
0.5168491749415383
4.077524739842589
8.579731506986585
11.248481192920321
15.439087303764474
49.839679606110955
76.37469203969414
77.60943484726822
77.58712733212387
77.43950070861256
77.8393169087497
77.80362654152786
78.10727614584839
78.80891746703064
78.82781702700531
78.83778614226257
79.75592427181375
77.52354082100865
78.23439020901452
78.63176350521219
78.49421029018534
78.9899211399473
78.47483682531036
76.52471336358067
76.1410621070194
76.94897754959415
76.90960772804569
77.74364101785339
76.92829154821922
76.61126859685356
75.2784082196257
75.47599750004704
74.51148326144263
74.5350803489646
72.75101746462266
74.86128550015385
75.11441212140019
76.13056162626346
74.1167895100615
72.86288125262305
73.96162801228459
73.01611489640409
73.56780806731787
72.43737782381456
72.03184197874225
73.46800631476492
74.52614361987159
74.95532210370476
75.15341724190964
73.76840271187294
73.1682154594534
65.12806573363633
44.59245303714795
19.436836000289052
6.292605849369144
9.484380168790489
8.593865766410147
9.932443324070151
10.924399215321715
8.646593799103414
8.442569019747172
8.69977275404703
9.209837628071998
9.6799086611008
9.367665555546797
8.320191302631015
7.811690472748735
7.565819659564609
8.772944171762376
12.407297295826922
14.656293903236818
12.073229951161395
15.133714831880688
16.398507756598452
22.89068239951768
28.518499598589443
38.363884904677406
40.12435103193035
44.32552062519876
44.02096377367615
43.177205208522686
35.422000352126965
